2457.2896
2515.5798
2515.5798
2469.4016
2565.5435
2672.2832
2670.0122
2567.0574
2611.7214
2770.696
2845.6409
2845.6409
2804.005
2830.5005
2888.0342
2868.3516
2866.0806
2948.5957
3038.6812
3022.0269
3015.2134
3029.597
3031.868
3051.5505
3093.1865
3096.9717
2975.8484
3050.0364
3100
3100
3100
3100
3100
3100
3100
3100
3100
3100
3100
3100
3100
3100
3100
3100
3100
3100
3100
3100
3100
3100
3100
3100
3100
3100
3100
3100
3100
3100
3100
3100
3100
3100
3100
3100
3100
3100
3100
3100
3100
3100
3100
3100
3100
3100
3081.8315
2955.409
2840.3418
2701.05
2557.9731
2377.8022
2302.1
2197.6313
2143.1257
2147.668
2197.6313
2249.1086
2321.7825
2370.232
2357.3625
2392.1855
2405.812
2431.5508
2476.2148
2500.4395
2517.094
2561.001
2609.4507
2632.9182
2652.6008
2700.293
2721.4897
2741.929
2788.1074
2831.2576
2839.5847
2877.436
2920.5862
2934.2124
2956.923
2987.2039
2987.2039
2997.045
3045.4944
3071.9902
3098.4858
3100
3100
3099.243
3100
3100
3100
3100
3100
3100
3100
3100
3100
3100
3100
3100
3100
3100
3100
3100
3100
3100
3100
3100
3100
3100
3087.8875
3085.6167
3070.476
3057.6067
3055.3357
3055.3357
3035.653
3031.868
3051.5505
3037.167
3031.868
3014.4565
3033.382
3012.1855
3012.1855
3025.055
3021.2698
3012.9426
3049.2795
3057.6067
3022.0269
3068.9622
3063.663
3043.2234
3040.1953
3063.663
3048.5225
3053.8215
3086.3735
3069.719
3045.4944
3079.5603
3056.8496
3081.8315
3086.3735
3059.878
3063.663
3069.719
3069.719
3037.167
3021.2698
3008.4004
2985.69
2994.7742
3000.83
2970.5493
2969.0354
2987.961
2981.1477
2980.3906
2990.989
2984.9326
2961.465
2958.437
2950.867
2924.371
2922.857
2928.913
2895.6045
2850.183
2851.6973
2845.6409
2814.603
2841.0989
2821.4163
2803.2478
2803.2478
2806.276
2782.0513
2781.2942
2794.1636
2791.1355
2791.1355
2824.4443
2803.2478
2789.6213
2832.0146
2830.5005
2828.9863
2854.725
2872.8938
2844.127
2879.7068
2894.09
2942.5398
3003.1013
3100
3100
3100
3100
3100
3078.8032
3012.1855
2972.8206
2942.5398
2972.8206
3028.84
3001.5872
2988.7178
3012.9426
3022.0269
3034.1392
3051.5505
3048.5225
3034.8962
3063.663
3087.8875
3058.3638
3082.5884
3100
3093.9438
3087.8875
3100
3098.4858
3087.1306
3100
3100
3068.9622
3086.3735
3087.8875
3063.663
3080.3171
3094.701
3052.3076
3062.149
3058.3638
3063.663
3051.5505
3050.0364
3034.8962
3003.1013
2999.3162
3010.6714
2966.7642
2961.465
2973.5774
2935.7263
2937.2405
2941.7825
2918.315
2903.1746
2900.1465
2875.9216
2863.8093
2880.4639
2879.7068
2845.6409
2827.4724
2837.3137
2819.1453
2816.117
2822.1733
2793.4065
2797.1917
2816.117
2804.005
2791.1355
2802.4907
2815.36
2783.5652
2808.547
2830.5005
2827.4724
2825.2014
2866.0806
2863.8093
2863.8093
2876.6787
2872.1365
2869.8657
2890.3052
2913.0159
2897.8752
2924.371
2947.8389
2935.7263
2954.6519
2982.6616
2969.0354
2963.7363
2982.6616
2972.0632
2967.5212
2972.0632
2984.1758
2984.9326
2975.0916
3009.1575
2975.0916
2975.8484
3003.1013
2984.1758
2990.989
3000.83
2997.045
2997.802
3010.6714
3021.2698
3003.1013
3005.3723
3039.4382
3033.382
3023.5408
3047.7654
3047.7654
3069.719
3100
3068.9622
3031.111
3037.9243
3037.9243
3012.1855
3016.7278
3003.1013
2972.8206
2950.1096
2985.69
2964.4932
2953.138
2972.8206
2950.867
2938.7546
2941.0254
2960.7083
2931.9412
2951.624
2964.4932
2942.5398
2945.5676
2953.138
2941.0254
2943.2966
2973.5774
2946.3247
2930.4272
2949.3528
2960.7083
2934.2124
2978.8767
3032.625
3069.719
3100
3100
3100
3082.5884
3035.653
2941.7825
2875.9216
2878.95
2903.9316
2888.791
2904.6885
2904.6885
2888.791
2900.9036
2927.3992
2912.2588
2922.1
2931.9412
2932.6982
2934.2124
2939.5115
2949.3528
2939.5115
2950.867
2981.9048
2969.7925
2966.7642
2973.5774
2973.5774
2973.5774
2982.6616
2976.6055
2970.5493
2989.4749
3001.5872
2978.1196
2985.69
3021.2698
3002.3442
3006.8862
3009.9143
3015.2134
3024.2979
3043.9805
3034.1392
3009.9143
3048.5225
3043.2234
3015.9707
3036.4102
3047.7654
3039.4382
3036.4102
3039.4382
3027.326
3014.4565
3040.1953
3033.382
3012.1855
3021.2698
3025.055
2993.26
3009.1575
2997.045
2973.5774
2973.5774
2985.69
2984.9326
2984.9326
2997.802
2975.8484
2959.9512
2970.5493
2954.6519
2934.2124
2950.867
2975.8484
2936.4834
2942.5398
2975.8484
2949.3528
2951.624
2958.437
2948.5957
2936.4834
2946.3247
2939.5115
2931.9412
2971.3064
2944.8105
2933.4556
2941.0254
2947.0818
2936.4834
2936.4834
2954.6519
2946.3247
2924.371
2935.7263
2936.4834
2915.2869
2928.913
2937.2405
2927.3992
2949.3528
2951.624
2939.5115
2948.5957
2946.3247
2934.2124
2937.2405
2964.4932
2948.5957
2937.2405
2954.6519
2972.8206
2953.138
2971.3064
2987.961
2977.3625
3000.0732
3012.9426
2990.232
2997.045
3000.0732
2984.9326
2972.8206
2975.8484
2981.9048
2951.624
2944.8105
2950.867
2947.0818
2946.3247
2981.9048
2942.5398
2950.867
2973.5774
2951.624
2971.3064
2985.69
2980.3906
2959.9512
2975.8484
2990.989
2973.5774
2972.8206
2962.979
2950.867
2972.8206
2969.0354
2972.8206
2962.979
3000.0732
3051.5505
3098.4858
3100
3100
3100
3100
3096.2148
3005.3723
2957.68
2948.5957
2954.6519
2970.5493
2984.9326
2953.138
2944.8105
2961.465
2969.0354
2938.7546
2961.465
2951.624
2942.5398
2960.7083
2958.437
2937.2405
2935.7263
2963.7363
2949.3528
2980.3906
2972.0632
2969.0354
2969.0354
2985.69
2990.989
2969.0354
2987.961
3008.4004
2975.0916
2975.8484
2997.045
2981.9048
2996.288
3003.1013
2989.4749
2989.4749
3009.1575
2995.531
2972.0632
2993.26
3010.6714
2987.961
2995.531
3009.9143
2993.26
2995.531
3006.8862
2999.3162
3003.1013
3033.382
3024.2979
3018.2417
3026.5688
3021.2698
2985.69
3009.9143
3002.3442
2991.7458
2977.3625
3001.5872
2984.9326
2973.5774
2969.0354
2973.5774
2952.3809
2962.979
2950.867
2930.4272
2961.465
2971.3064
2942.5398
2966.7642
2961.465
2952.3809
2949.3528
2988.7178
2975.8484
2974.3345
3000.0732
2987.961
2954.6519
2962.979
2985.69
2969.0354
2982.6616
2985.69
2975.0916
2995.531
2990.232
2981.9048
2975.8484
2984.9326
2973.5774
2948.5957
2969.7925
2969.0354
2962.2222
2975.8484
2975.0916
2974.3345
2982.6616
3003.1013
2987.961
2976.6055
2999.3162
2987.961
2965.2502
2990.989
2981.9048
2973.5774
2981.1477
3012.1855
2994.7742
2991.7458
3009.9143
3009.9143
3019.7556
3011.4287
2990.989
2965.2502
2982.6616
2976.6055
2972.8206
2972.8206
2944.8105
2931.9412
2945.5676
2960.7083
2948.5957
2947.8389
2965.2502
2963.7363
2955.409
2983.4187
2963.7363
2941.7825
2981.9048
2984.9326
2973.5774
2978.8767
2990.989
2965.2502
2966.7642
2975.8484
2969.7925
2954.6519
2987.961
2981.1477
2981.1477
3052.3076
3100
3100
3100
3100
3100
3096.9717
3029.597
2954.6519
2922.1
2971.3064
2980.3906
2984.9326
2994.017
3003.1013
2966.7642
2972.8206
2984.9326
2980.3906
2961.465
2966.0073
2952.3809
2948.5957
2979.6335
2979.6335
2966.7642
2997.045
2990.232
2993.26
2999.3162
3017.4846
2997.802
3015.2134
3036.4102
3015.9707
3012.1855
3045.4944
3036.4102
3012.1855
3008.4004
3031.111
3003.8584
3009.1575
3037.9243
2996.288
2995.531
3036.4102
2993.26
2989.4749
3023.5408
3009.9143
3009.1575
3030.354
2999.3162
2997.045
3021.2698
3033.382
3021.2698
3011.4287
3034.8962
3015.2134
3018.9985
3018.9985
2990.989
2977.3625
2990.989
2990.989
2980.3906
2982.6616
2984.9326
2969.7925
2963.7363
2981.9048
2951.624
2948.5957
2953.138
2942.5398
2932.6982
2951.624
2951.624
2926.642
2969.7925
2975.8484
2951.624
2972.8206
2962.979
2940.2686
2942.5398
2974.3345
2944.8105
2961.465
2978.1196
2976.6055
2944.8105
2982.6616
2969.0354
2951.624
2955.409
2970.5493
2948.5957
2938.7546
2970.5493
2963.7363
2936.4834
2963.7363
2954.6519
2962.979
2976.6055
2984.9326
2951.624
2972.8206
2990.989
2990.989
3000.0732
2997.802
2984.9326
2978.8767
3021.2698
3012.1855
2995.531
2999.3162
3018.9985
3005.3723
3050.0364
3030.354
2987.2039
2997.045
3003.1013
2973.5774
2971.3064
2985.69
2951.624
2927.3992
2941.0254
2942.5398
2932.6982
2951.624
2947.8389
2930.4272
2961.465
2969.7925
2939.5115
2960.7083
2972.8206
2956.923
2960.7083
2984.9326
2970.5493
2958.437
2982.6616
2954.6519
2939.5115
2966.7642
2972.8206
2951.624
2963.7363
3015.2134
3047.7654
3100
3100
3100
3100
3100
3067.448
2973.5774
2926.642
2961.465
2964.4932
2976.6055
2977.3625
2974.3345
2963.7363
2966.0073
2976.6055
2961.465
2978.8767
2978.1196
2939.5115
2964.4932
2984.9326
2952.3809
2962.2222
3009.1575
2980.3906
2996.288
3009.9143
3009.1575
2996.288
3037.167
3027.326
3003.8584
3024.2979
3037.167
3012.1855
3006.8862
3037.167
3022.0269
3022.7837
3037.167
3040.1953
3015.2134
3034.8962
3027.326
2990.232
3005.3723
3019.7556
2997.045
3003.1013
3025.055
3001.5872
3009.1575
3001.5872
3015.2134
3006.8862
3013.6995
3012.9426
3021.2698
3015.2134
3022.0269
2990.989
2987.961
3024.2979
2994.017
2959.9512
2997.045
2997.045
2965.2502
2984.1758
2972.8206
2948.5957
2951.624
2947.8389
2920.5862
2937.9976
2963.7363
2947.0818
2955.409
2970.5493
2958.437
2937.2405
2953.8948
2950.867
2948.5957
2968.2783
2959.9512
2955.409
2973.5774
2969.0354
2976.6055
2967.5212
2977.3625
2959.9512
2966.7642
2972.8206
2961.465
2951.624
2946.3247
2953.8948
2938.7546
2948.5957
2969.7925
2934.9695
2954.6519
2981.1477
2968.2783
2953.138
2980.3906
2975.8484
2973.5774
2994.7742
2991.7458
2969.0354
3000.0732
3005.3723
3003.1013
3012.1855
3031.868
2999.3162
3006.8862
3045.4944
3026.5688
3005.3723
3015.2134
2997.045
2965.2502
2990.989
2989.4749
2943.2966
2928.913
2941.7825
2935.7263
2947.0818
2965.2502
2967.5212
2934.9695
2953.138
2961.465
2960.7083
2972.0632
2972.8206
2970.5493
2973.5774
2973.5774
2968.2783
2972.8206
2985.69
2947.0818
2932.6982
2972.8206
2975.0916
2952.3809
2984.9326
3018.9985
3065.177
3100
3100
3100
3100
3100
3045.4944
2948.5957
2936.4834
2923.614
2927.3992
2982.6616
2982.6616
2939.5115
2941.0254
2963.7363
2949.3528
2941.0254
2966.7642
2951.624
2943.2966
2965.2502
2952.3809
2927.3992
2953.8948
2961.465
2947.0818
2974.3345
2981.9048
2977.3625
2978.1196
3015.2134
3009.1575
2978.1196
3018.2417
3012.1855
2990.989
3030.354
3011.4287
3006.8862
3018.9985
3029.597
3015.2134
3021.2698
3014.4565
3013.6995
3000.0732
3027.326
3012.1855
2997.045
3024.2979
3012.1855
2994.7742
3000.0732
3003.1013
2989.4749
2997.045
3013.6995
2985.69
2993.26
2997.802
2969.0354
2950.1096
2976.6055
2976.6055
2948.5957
2972.8206
2967.5212
2941.0254
2941.0254
2975.8484
2948.5957
2948.5957
2963.7363
2941.0254
2924.371
2954.6519
2944.8105
2923.614
2935.7263
2946.3247
2931.9412
2953.138
2977.3625
2954.6519
2961.465
2981.9048
2953.138
2941.7825
2976.6055
2963.7363
2953.138
2977.3625
2969.0354
2948.5957
2972.8206
2972.8206
2951.624
2942.5398
2965.2502
2926.642
2935.7263
2962.2222
2948.5957
2944.8105
2967.5212
2975.8484
2966.7642
2978.1196
2981.1477
2951.624
2963.7363
2980.3906
2973.5774
2966.7642
2983.4187
2976.6055
2976.6055
3015.2134
2999.3162
2986.4468
3015.2134
3036.4102
3011.4287
3028.0828
3021.2698
2986.4468
2978.1196
2981.1477
2976.6055
2950.867
2970.5493
2954.6519
2943.2966
2969.7925
2972.8206
2946.3247
2966.0073
2984.9326
2963.7363
2956.923
2984.1758
2969.7925
2984.9326
3003.1013
2981.1477
2965.2502
2988.7178
2973.5774
2940.2686
2942.5398
2954.6519
2931.1843
2961.465
2977.3625
2989.4749
3062.149
3100
3100
3100
3100
3100
3059.878
2996.288
2966.0073
2927.3992
2954.6519
2978.8767
2950.867
2946.3247
2962.979
2964.4932
2926.642
2941.0254
2942.5398
2933.4556
2933.4556
2915.2869
2881.978
2898.6323
2914.5298
2900.1465
2927.3992
2949.3528
2966.7642
2949.3528
2978.8767
3000.0732
2975.0916
2984.1758
3022.7837
2986.4468
2990.989
3033.382
3000.0732
2994.7742
3021.2698
3033.382
3015.2134
3017.4846
3020.513
2984.1758
2994.7742
3010.6714
3000.0732
3003.1013
3018.2417
3018.9985
3025.812
3045.4944
3028.0828
3023.5408
3039.4382
3033.382
3015.2134
3022.0269
3024.2979
2990.989
3000.83
2990.232
2980.3906
2975.8484
2981.1477
2972.8206
2969.7925
2975.8484
2965.2502
2943.2966
2937.2405
2966.7642
2941.7825
2939.5115
2952.3809
2937.9976
2953.138
2970.5493
2969.0354
2968.2783
2997.045
2985.69
2972.8206
3009.9143
3012.1855
2954.6519
2997.045
3003.8584
2985.69
2999.3162
3009.1575
2984.9326
2969.0354
2986.4468
2975.8484
2966.7642
2966.7642
2972.8206
2944.8105
2969.7925
2974.3345
2954.6519
2961.465
2972.0632
2975.0916
2980.3906
2988.7178
2987.961
2970.5493
2990.232
2997.802
2972.8206
2987.961
2994.7742
2988.7178
2987.961
3011.4287
2985.69
2984.9326
3015.2134
2984.9326
2981.1477
2996.288
2987.961
2966.7642
2981.1477
2967.5212
2963.7363
2963.7363
2966.7642
2927.3992
2912.2588
2953.138
2981.9048
2952.3809
2984.9326
2997.045
2976.6055
2980.3906
2997.045
2975.8484
2985.69
3022.0269
3000.0732
2986.4468
3000.0732
2984.1758
2977.3625
2983.4187
2974.3345
2948.5957
2972.8206
2965.2502
2965.2502
3010.6714
3084.8596
3100
3100
3100
3100
3100
3100
3021.2698
2938.7546
2972.8206
2988.7178
2994.7742
2987.961
2982.6616
2961.465
2965.2502
2984.9326
2953.138
2936.4834
2936.4834
2924.371
2894.09
2918.315
2913.0159
2888.0342
2892.5762
2908.4736
2900.1465
2941.0254
2953.138
2951.624
2948.5957
2961.465
2946.3247
2947.0818
2975.0916
2985.69
2969.0354
2999.3162
3018.9985
3000.0732
3025.055
3026.5688
3026.5688
3015.2134
3033.382
3017.4846
3000.0732
3025.055
3025.055
3003.1013
3015.2134
3027.326
3001.5872
3012.1855
3027.326
3009.1575
2997.802
3017.4846
3002.3442
2989.4749
2997.802
3006.8862
2966.7642
2981.9048
2989.4749
2948.5957
2966.7642
2958.437
2948.5957
2931.1843
2948.5957
2925.8853
2898.6323
2916.801
2919.072
2904.6885
2912.2588
2909.9878
2900.1465
2922.1
2931.1843
2912.2588
2916.0437
2941.0254
2925.1282
2927.3992
2942.5398
2953.138
2958.437
2972.8206
2975.0916
2977.3625
2978.1196
3001.5872
2975.8484
2962.979
2977.3625
2958.437
2943.2966
2981.9048
2971.3064
2942.5398
2966.7642
2972.8206
2949.3528
2973.5774
2984.9326
2954.6519
2965.2502
2978.8767
2946.3247
2938.7546
2970.5493
2960.7083
2936.4834
2965.2502
2978.8767
2949.3528
2975.8484
3000.0732
2969.7925
2969.0354
2983.4187
2976.6055
2984.9326
2997.802
2984.9326
2962.979
2966.0073
2975.8484
2960.7083
2990.989
2954.6519
2926.642
2919.072
2963.7363
2937.9976
2937.9976
2962.979
2942.5398
2942.5398
2966.7642
2988.7178
2965.2502
2987.961
2998.5593
2970.5493
2977.3625
2997.045
2966.7642
2951.624
2969.0354
2974.3345
2975.8484
2979.6335
2989.4749
2990.989
3036.4102
3100
3100
3100
3100
3100
3096.9717
3039.4382
2942.5398
2884.249
2948.5957
2978.8767
2970.5493
2977.3625
2997.045
2972.8206
2987.961
2971.3064
2955.409
2944.8105
2975.8484
2961.465
2965.2502
2990.989
2991.7458
2975.0916
3009.1575
3003.1013
2985.69
3009.9143
2997.045
2961.465
2987.961
2982.6616
2976.6055
2994.017
3005.3723
3000.83
2990.989
3011.4287
3025.812
3003.1013
3018.9985
3034.1392
3027.326
3030.354
3057.6067
3048.5225
3034.1392
3059.878
3069.719
3043.2234
3058.3638
3069.719
3045.4944
3055.3357
3069.719
3034.1392
3060.6348
3044.7373
3033.382
3037.9243
3034.1392
3031.868
3009.9143
3012.9426
3000.83
2981.1477
2997.045
2985.69
2967.5212
2966.0073
2972.0632
2964.4932
2937.2405
2962.979
2930.4272
2931.1843
2936.4834
2927.3992
2893.3333
2916.801
2927.3992
2894.09
2915.2869
2911.5017
2916.0437
2906.2026
2936.4834
2931.1843
2926.642
2972.8206
2967.5212
2951.624
2975.8484
2990.232
2975.0916
2975.0916
2997.045
2984.9326
2984.9326
3009.1575
2990.232
2991.7458
3013.6995
2994.7742
2984.9326
3012.1855
2996.288
2984.9326
2987.961
2981.1477
2975.0916
2977.3625
2978.1196
2966.0073
2975.8484
2989.4749
2982.6616
2972.8206
2975.8484
2974.3345
2950.867
2962.2222
2963.7363
2938.7546
2938.7546
2965.2502
2952.3809
2974.3345
3006.8862
3002.3442
2978.8767
2984.9326
2985.69
2955.409
2967.5212
2953.138
2928.1563
2927.3992
2951.624
2938.7546
2947.8389
2982.6616
2982.6616
2970.5493
2996.288
3018.2417
2969.0354
2990.989
2997.045
2959.9512
2981.1477
2997.045
2986.4468
2972.0632
3000.0732
2972.0632
2973.5774
2986.4468
3000.0732
2990.989
2997.045
3039.4382
3067.448
3100
3100
3100
3100
3100
3012.9426
2930.4272
2915.2869
2927.3992
2932.6982
2964.4932
2952.3809
2914.5298
2942.5398
2944.8105
2930.4272
2948.5957
2963.7363
2941.7825
2948.5957
2964.4932
2972.8206
2954.6519
2969.0354
2972.0632
2944.8105
2990.989
2990.232
2975.8484
2970.5493
3000.0732
2987.2039
2984.9326
3019.7556
2997.802
3009.1575
3003.8584
3001.5872
2985.69
2997.802
3018.2417
3003.1013
3031.111
3045.4944
3036.4102
3033.382
3039.4382
3028.84
3031.111
3064.42
3058.3638
3008.4004
3018.9985
3039.4382
3033.382
3033.382
3058.3638
3034.8962
3021.2698
3022.0269
3013.6995
2981.1477
2987.2039
2975.8484
2942.5398
2938.7546
2954.6519
2942.5398
2944.8105
2966.7642
2946.3247
2927.3992
2958.437
2949.3528
2922.1
2922.1
2925.8853
2918.315
2925.1282
2942.5398
2901.6604
2939.5115
2932.6982
2925.1282
2919.8289
2950.867
2954.6519
2931.9412
2970.5493
2952.3809
2926.642
2969.7925
2966.7642
2958.437
2977.3625
2989.4749
2984.9326
2997.045
3003.1013
2997.045
2976.6055
2990.989
2984.9326
2964.4932
2969.0354
2975.8484
2964.4932
2975.8484
2990.989
2972.0632
2975.8484
2973.5774
2966.7642
2966.7642
2994.7742
2983.4187
2948.5957
2980.3906
2974.3345
2945.5676
2956.923
2984.9326
2948.5957
2951.624
2972.8206
2943.2966
2931.1843
2947.8389
2950.1096
2952.3809
2950.867
2967.5212
2956.923
2997.045
3018.9985
3003.8584
2997.045
3015.2134
2981.1477
2984.9326
3000.0732
2977.3625
2954.6519
2977.3625
2975.8484
2966.7642
2981.9048
2985.69
2966.7642
2972.8206
2976.6055
2967.5212
2965.2502
2973.5774
2953.138
2959.1938
2984.9326
2963.7363
2970.5493
2973.5774
2985.69
2965.2502
2977.3625
2993.26
2975.0916
2987.961
3043.9805
3078.0464
3100
3100
3100
3100
3100
3047.7654
2952.3809
2919.072
2938.7546
2948.5957
2944.8105
2966.7642
2921.343
2924.371
2947.0818
2930.4272
2934.2124
2950.867
2960.7083
2942.5398
2965.2502
2982.6616
2963.7363
2969.0354
2997.045
2966.7642
2958.437
2990.989
2981.1477
2977.3625
2993.26
2999.3162
2981.1477
3018.2417
3018.2417
3000.0732
2997.802
3008.4004
2997.802
3001.5872
3024.2979
3012.9426
2999.3162
3034.1392
3046.2515
3040.1953
3069.719
3078.8032
3060.6348
3069.719
3084.8596
3031.111
3039.4382
3060.6348
3045.4944
3024.2979
3056.8496
3031.111
3012.9426
3030.354
3008.4004
2994.7742
2972.8206
2966.7642
2947.8389
2923.614
2942.5398
2939.5115
2928.1563
2948.5957
2941.7825
2935.7263
2954.6519
2954.6519
2927.3992
2937.2405
2938.7546
2925.1282
2925.1282
2948.5957
2929.6704
2936.4834
2967.5212
2961.465
2947.8389
2969.7925
2969.0354
2953.8948
2981.9048
2966.0073
2946.3247
2961.465
2973.5774
2987.961
2977.3625
2998.5593
3001.5872
2984.9326
3009.9143
3015.2134
2986.4468
2997.045
3010.6714
2973.5774
2982.6616
3015.2134
2990.989
2982.6616
2993.26
2985.69
2994.017
3003.1013
2997.045
2972.0632
2980.3906
2991.7458
2958.437
2973.5774
2972.8206
2946.3247
2940.2686
2972.8206
2961.465
2952.3809
2981.9048
2964.4932
2941.0254
2954.6519
2969.7925
2935.7263
2942.5398
2961.465
2966.7642
2950.867
2978.8767
2976.6055
2975.8484
3021.2698
3005.3723
3001.5872
3022.0269
3025.812
3025.812
3046.2515
3069.719
3028.0828
3012.9426
3045.4944
3025.812
3042.4663
3033.382
2995.531
2964.4932
2981.9048
2991.7458
2977.3625
2984.9326
2972.0632
2969.7925
2978.1196
2994.017
2973.5774
2969.0354
2996.288
2978.8767
2967.5212
2985.69
2956.923
2942.5398
2951.624
2949.3528
2931.1843
2939.5115
2963.7363
2947.0818
2967.5212
3013.6995
3066.691
3100
3100
3100
3100
3100
3100
3048.5225
2977.3625
2954.6519
2981.9048
3006.8862
3021.2698
2978.8767
2978.1196
2994.7742
2989.4749
2966.7642
2981.1477
2984.1758
2948.5957
2973.5774
2977.3625
2965.2502
2974.3345
2982.6616
2975.8484
2978.8767
2982.6616
2984.9326
2961.465
2966.0073
2971.3064
2958.437
2989.4749
3000.0732
2980.3906
2993.26
3013.6995
2987.2039
3003.1013
3009.9143
2983.4187
2944.8105
2982.6616
2985.69
2972.8206
2984.9326
3000.0732
2990.989
3003.1013
2993.26
3009.1575
2989.4749
3003.8584
2975.0916
2950.867
2966.0073
2972.8206
2948.5957
2962.979
2975.8484
2944.0537
2928.1563
2950.867
2916.801
2900.1465
2919.072
2903.1746
2875.9216
2904.6885
2894.8474
2881.2207
2906.9595
2919.072
2902.4175
2916.0437
2930.4272
2927.3992
2928.1563
2937.9976
2924.371
2915.2869
2924.371
2931.1843
2921.343
2923.614
2937.9976
2928.913
2941.7825
2974.3345
2954.6519
2955.409
2981.9048
2973.5774
2950.867
2976.6055
2969.0354
2960.7083
2966.7642
2980.3906
2969.7925
2975.0916
2994.7742
2969.7925
2975.8484
2984.9326
2966.0073
2960.7083
2972.8206
2951.624
2927.3992
2941.0254
2939.5115
2940.2686
2977.3625
2973.5774
2949.3528
2961.465
2975.8484
2947.8389
2948.5957
2973.5774
2935.7263
2925.1282
2971.3064
2948.5957
2942.5398
2953.138
2972.8206
2951.624
2975.8484
2984.9326
2938.7546
2949.3528
2958.437
2927.3992
2925.1282
2943.2966
2933.4556
2893.3333
2926.642
2942.5398
2936.4834
2936.4834
2947.8389
2937.2405
2937.2405
2935.7263
2924.371
2916.801
2937.2405
2937.2405
2930.4272
2940.2686
2977.3625
2944.8105
2951.624
2967.5212
2947.0818
2954.6519
2984.9326
2980.3906
2984.9326
3029.597
3082.5884
3100
3100
3100
3100
3100
3100
3015.2134
2932.6982
2915.2869
2918.315
2929.6704
2958.437
2937.9976
2925.1282
2946.3247
2940.2686
2928.913
2937.2405
2929.6704
2906.9595
2913.0159
2904.6885
2924.371
2906.2026
2941.0254
2946.3247
2948.5957
2972.8206
2976.6055
2970.5493
2977.3625
2974.3345
2954.6519
2976.6055
2983.4187
2953.8948
2953.8948
2984.1758
2973.5774
2975.8484
3011.4287
3017.4846
2999.3162
3034.8962
3042.4663
3021.2698
3023.5408
3045.4944
3034.1392
3048.5225
3068.205
3041.7095
3055.3357
3082.5884
3083.3455
3047.7654
3080.3171
3079.5603
3048.5225
3031.868
3042.4663
2987.961
2988.7178
3022.0269
2992.503
2997.045
3015.2134
3009.9143
2997.045
3009.9143
2996.288
2984.9326
2990.989
3000.0732
2984.9326
3000.0732
3008.4004
3012.9426
3024.2979
3040.1953
3069.719
3044.7373
3057.6067
3037.9243
3024.2979
3031.111
3035.653
3014.4565
3023.5408
3070.476
3034.8962
3051.5505
3069.719
3048.5225
3012.9426
3045.4944
3025.055
3005.3723
3021.2698
2997.045
2965.2502
2984.9326
3006.8862
2984.9326
2981.9048
2996.288
2949.3528
2963.7363
2981.9048
2948.5957
2930.4272
2941.0254
2942.5398
2930.4272
2966.7642
2966.0073
2966.7642
2988.7178
3012.9426
3012.1855
3015.2134
3045.4944
2994.7742
2984.9326
2987.961
2977.3625
2953.138
2965.2502
2959.1938
2937.2405
2942.5398
2955.409
2937.2405
2937.2405
2948.5957
2939.5115
2923.614
2946.3247
2926.642
2920.5862
2947.8389
2982.6616
2948.5957
2977.3625
2991.7458
3000.0732
3005.3723
3045.4944
3008.4004
3031.111
3051.5505
3045.4944
3046.2515
3100
3100
3100
3100
3100
3067.448
3039.4382
2984.9326
2913.0159
2885.7632
2906.2026
2897.1184
2874.4077
2900.1465
2891.0623
2844.127
2865.3235
2888.0342
2885.0059
2900.9036
2933.4556
2894.8474
2894.09
2899.3894
2891.0623
2894.8474
2890.3052
2896.3613
2885.0059
2899.3894
2918.315
2913.7727
2911.5017
2936.4834
2928.913
2924.371
2939.5115
2961.465
2938.7546
2972.8206
2989.4749
2981.9048
3009.9143
3034.1392
3045.4944
3072.7473
3100
3070.476
3081.8315
3100
3100
3100
3100
3100
3100
3100
3100
3100
3100
3100
3100
3100
3100
3100
3100
3100
3100
3100
3100
3100
3100
3100
3100
3100
3100
3100
3100
3100
3093.1865
3081.8315
3037.9243
2990.232
2990.989
2966.7642
2939.5115
2939.5115
2922.857
2875.9216
2864.5667
2829.7437
2794.9207
2769.939
2749.4993
2724.5176
2716.1904
2716.9473
2700.293
2698.7788
2719.9756
2693.4797
2686.6667
2703.321
2686.6667
2676.0684
2681.3674
2716.1904
2697.265
2699.536
2745.714
2766.911
2754.7983
2803.2478
2825.2014
2827.4724
2863.8093
2879.7068
2845.6409
2876.6787
2891.0623
2883.492
2916.0437
2942.5398
2944.8105
2959.9512
2994.7742
2993.26
2997.045
3040.1953
3036.4102
3025.812
3037.167
3052.3076
3044.7373
3070.476
3100
3100
3100
3100
3100
3100
3100
3100
3100
3100
3100
3100
3100
3100
3100
3100
3100
3100
3100
3100
3100
3100
3100
3100
3100
3100
3100
3100
3097.7288
3100
3100
3081.0745
3070.476
3039.4382
2978.8767
2941.7825
2935.7263
2894.09
2897.8752
2906.2026
2936.4834
2989.4749
3065.9338
3100
3100
3072.7473
3015.2134
2934.9695
2827.4724
2783.5652
2767.6677
2777.509
2839.5847
2833.5286
2817.6313
2832.7715
2846.398
2823.6873
2840.3418
2845.6409
2815.36
2815.36
2851.6973
2835.0427
2841.8557
2872.1365
2891.0623
2881.978
2914.5298
2939.5115
2915.2869
2936.4834
2963.7363
2946.3247
2942.5398
2981.9048
2965.2502
2956.923
2982.6616
2987.961
2976.6055
2999.3162
3018.9985
2993.26
3030.354
3024.2979
2998.5593
3039.4382
3036.4102
3025.055
3017.4846
3031.111
3050.0364
3040.1953
3065.9338
3056.8496
3037.167
3070.476
3067.448
3045.4944
3039.4382
3047.0085
3025.055
3033.382
3048.5225
3028.0828
3025.812
3049.2795
3028.84
3001.5872
3032.625
3030.354
2997.045
2989.4749
3018.2417
2988.7178
3001.5872
3021.2698
3009.1575
3015.2134
3022.7837
3011.4287
3010.6714
2996.288
3012.9426
2971.3064
2982.6616
2997.045
2961.465
2966.7642
2982.6616
2997.045
2987.961
2995.531
2989.4749
2958.437
2963.7363
2941.7825
2930.4272
2940.2686
2936.4834
2891.0623
2923.614
2936.4834
2915.2869
2908.4736
2926.642
2913.0159
2909.9878
2913.0159
2912.2588
2888.0342
2897.8752
2910.7446
2893.3333
2891.0623
2927.3992
2925.1282
2925.1282
2939.5115
2936.4834
2925.1282
2946.3247
2937.9976
2916.801
2936.4834
2934.2124
2923.614
2937.2405
2973.5774
2950.1096
2953.138
2983.4187
2955.409
2948.5957
2973.5774
2961.465
2946.3247
2954.6519
2973.5774
2975.8484
2984.9326
2997.802
2988.7178
3001.5872
3006.8862
3001.5872
2997.045
3000.0732
2986.4468
2980.3906
2997.045
3012.9426
2981.1477
3019.7556
3014.4565
3019.7556
3000.83
3033.382
3012.9426
3018.9985
3024.2979
2990.232
2990.989
2988.7178
3000.0732
2983.4187
2994.7742
3022.7837
2996.288
3024.2979
3034.1392
3001.5872
2985.69
3009.9143
2987.961
2965.2502
2973.5774
2984.9326
2969.7925
2988.7178
3012.1855
2985.69
3009.1575
2999.3162
2994.017
2959.9512
2984.1758
2948.5957
2951.624
2973.5774
2963.7363
2948.5957
2967.5212
2984.1758
2997.045
2991.7458
3022.0269
2991.7458
2991.7458
3005.3723
2984.9326
2954.6519
2962.979
2966.7642
2969.7925
2985.69
2990.989
2949.3528
2943.2966
2958.437
2918.315
2925.8853
2930.4272
2918.315
2908.4736
2923.614
2924.371
2915.2869
2935.7263
2938.7546
2932.6982
2950.867
2964.4932
2948.5957
2946.3247
2950.867
2936.4834
2928.913
2970.5493
2951.624
2947.8389
2994.7742
3049.2795
3077.2893
3100
3100
3100
3100
3100
3100
3037.167
2959.9512
2948.5957
2961.465
3000.0732
3003.1013
2987.961
3003.1013
3021.2698
2997.045
2994.017
3009.9143
2986.4468
2990.989
3009.9143
2997.802
3000.0732
3003.1013
3009.1575
3003.1013
2999.3162
3031.111
2987.961
3000.0732
3012.1855
2966.0073
2972.8206
2984.9326
2978.1196
2966.7642
2973.5774
2987.961
2966.0073
2972.0632
2994.7742
2969.7925
2960.7083
2973.5774
2942.5398
2930.4272
2941.7825
2941.7825
2936.4834
2962.979
2987.961
2974.3345
2992.503
2990.989
2966.0073
2961.465
2985.69
2972.8206
2972.8206
2981.1477
2972.0632
2966.7642
2972.0632
2978.1196
2951.624
2966.7642
2956.923
2951.624
2948.5957
2942.5398
2922.857
2931.9412
2939.5115
2945.5676
2934.2124
2958.437
2966.7642
2959.9512
2982.6616
2975.8484
2960.7083
2961.465
2966.7642
2932.6982
2939.5115
2947.8389
2948.5957
2943.2966
2954.6519
2971.3064
2939.5115
2954.6519
2963.7363
2934.9695
2932.6982
2950.867
2928.913
2924.371
2952.3809
2953.8948
2936.4834
2972.8206
2967.5212
2946.3247
2987.961
2981.1477
2963.7363
2969.7925
2972.8206
2947.8389
2944.8105
2984.9326
2975.8484
2966.7642
2984.1758
2997.045
2977.3625
3009.1575
3003.1013
2972.0632
2978.8767
2991.7458
2961.465
2960.7083
2994.017
2989.4749
2980.3906
2996.288
2997.045
2981.1477
3012.1855
2994.7742
2972.0632
2985.69
2975.0916
2944.8105
2941.7825
2980.3906
2975.8484
2970.5493
2984.9326
2975.8484
2954.6519
2974.3345
2967.5212
2947.0818
2948.5957
2958.437
2934.2124
2915.2869
2948.5957
2935.7263
2936.4834
2953.138
2943.2966
2939.5115
2975.8484
2958.437
2944.8105
2951.624
2950.867
2947.0818
2932.6982
2953.138
2941.0254
2953.138
2976.6055
2962.979
2969.7925
2991.7458
2982.6616
2960.7083
2991.7458
2976.6055
2956.923
2978.8767
2997.802
2973.5774
2980.3906
3000.0732
3008.4004
3015.9707
3055.3357
3053.8215
3057.6067
3077.2893
3100
3072.7473
3069.719
3078.8032
3048.5225
3039.4382
3060.6348
3049.2795
3045.4944
3043.2234
3016.7278
2983.4187
2994.017
2997.802
2970.5493
2972.0632
2979.6335
2970.5493
2966.7642
2990.989
2985.69
2984.9326
2984.1758
2997.045
2954.6519
2956.923
2972.8206
2937.2405
2934.9695
2955.409
2939.5115
2942.5398
2964.4932
2972.8206
2978.8767
3023.5408
3070.476
3100
3100
3100
3100
3088.6445
3045.4944
2926.642
2896.3613
2918.315
2940.2686
2951.624
2975.8484
2965.2502
2939.5115
2970.5493
2966.7642
2949.3528
2973.5774
2975.0916
2966.7642
2977.3625
3022.0269
3002.3442
3015.9707
3024.2979
3024.2979
3006.8862
3028.0828
3013.6995
2987.2039
3003.8584
3025.055
2997.802
2997.045
3015.9707
3013.6995
3009.1575
3008.4004
2999.3162
3003.1013
2994.7742
3006.8862
2981.9048
2995.531
3001.5872
2987.961
2999.3162
3037.9243
3034.1392
3031.111
3035.653
3035.653
3036.4102
3037.9243
3040.1953
3008.4004
3027.326
3033.382
3012.1855
3021.2698
3025.812
3001.5872
2994.7742
3000.0732
2985.69
2966.0073
2984.9326
2963.7363
2954.6519
2958.437
2959.9512
2942.5398
2942.5398
2964.4932
2950.867
2954.6519
2975.8484
2962.979
2944.8105
2964.4932
2954.6519
2934.2124
2941.7825
2950.1096
2942.5398
2937.2405
2948.5957
2949.3528
2946.3247
2972.8206
2954.6519
2930.4272
2945.5676
2938.7546
2939.5115
2980.3906
2982.6616
2951.624
2975.8484
2965.2502
2942.5398
2950.867
2984.9326
2962.979
2936.4834
2880.4639
2873.651
2942.5398
2980.3906
2894.8474
2913.0159
3012.1855
3060.6348
3031.111
2984.9326
2947.0818
2841.8557
2792.6494
2940.2686
3034.1392
2982.6616
3059.1208
3100
3100
3100
3100
2873.651
2845.6409
3000.83
3100
3000.0732
2779.78
2500.4395
2764.64
3100
3100
3100
3100
3050.0364
3072.7473
3047.7654
2963.7363
3023.5408
3100
3051.5505
2676.0684
2848.669
3100
3100
3100
2984.9326
3021.2698
3087.8875
3082.5884
3031.868
2949.3528
2947.0818
2902.4175
2954.6519
3023.5408
3028.84
2961.465
2961.465
2990.989
3009.1575
2981.1477
2983.4187
2994.017
2937.9976
2785.8362
2833.5286
3011.4287
3034.1392
2966.0073
3021.2698
3041.7095
3062.149
3015.9707
2975.8484
2975.0916
2990.989
2975.0916
2987.961
2954.6519
2891.8193
2868.3516
2869.8657
2833.5286
2782.0513
2736.63
2686.6667
2639.7314
2657.1428
2646.5444
2600.3665
2676.0684
2757.8267
2709.3772
2651.8435
2633.675
2624.5908
2631.404
2634.4321
2549.646
2473.9436
2603.3943
2733.6018
2769.182
2758.5835
2686.6667
2617.7778
2503.4675
2595.0671
2878.95
2975.8484
2682.8816
2585.2258
3005.3723
3100
3100
3072.7473
3011.4287
2990.989
2941.7825
2951.624
3036.4102
2903.9316
2770.696
2948.5957
3098.4858
2797.9485
2936.4834
3100
3100
3100
3100
3068.205
3100
3100
3100
3096.9717
3074.2612
3039.4382
2995.531
2970.5493
2866.8374
2865.3235
2981.1477
2997.045
2888.0342
2860.0244
2927.3992
2962.2222
2896.3613
2885.0059
2841.8557
2839.5847
2845.6409
2878.1929
2892.5762
2937.2405
3003.1013
3036.4102
3087.8875
3100
3100
3100
3100
3100
3100
3100
3100
3100
3100
3100
3100
3100
3100
3100
3100
3100
2863.0522
2627.6191
2782.0513
2948.5957
2850.94
2657.9
2482.271
2370.232
2348.2783
2369.4749
2357.3625
2330.1099
2339.951
2298.315
2278.6323
2415.6533
2488.3271
2401.27
2164.3223
2364.9329
2815.36
2971.3064
2869.1086
2730.574
2727.5457
2830.5005
2875.9216
2913.0159
2959.9512
3011.4287
3051.5505
3089.4016
3100
3100
3100
3100
3100
3100
3100
3100
3100
3100
3100
3100
3100
3100
3093.9438
3062.9058
3098.4858
3082.5884
3070.476
3081.0745
3093.1865
3083.3455
3100
3100
3100
3100
3100
3100
3100
3100
3100
3100
3100
3100
3100
3100
3100
3100
3100
3100
3100
3100
3100
3100
3100
3100
3100
3100
3100
3100
3100
3100
3096.9717
2950.867
2854.725
2816.117
2742.686
2691.9658
2700.293
2670.0122
2636.7034
2664.713
2660.928
2598.0952
2542.8325
2482.271
2393.6997
2367.2039
2392.1855
2395.2136
2347.5212
2350.5496
2352.8203
2342.9792
2391.4285
2445.934
2433.8218
2458.0464
2548.889
2585.2258
2588.254
2620.8057
2648.0586
2633.675
2655.6287
2719.2185
2724.5176
2727.5457
2795.6777
2806.276
2817.6313
2863.0522
2875.9216
2891.8193
2927.3992
2969.0354
2986.4468
3009.1575
3072.7473
3087.8875
3096.9717
3100
3100
3100
3100
3100
3100
3100
3100
3100
3100
3100
3100
3100
3100
3100
3100
3100
3100
3100
3100
3100
3100
3100
3100
3100
3100
3100
3026.5688
2972.8206
2920.5862
2830.5005
2741.929
2662.442
2579.9268
2476.2148
2423.9805
2404.2979
2374.017
2371.746
2370.989
2367.2039
2364.9329
2375.5313
2360.3906
2342.9792
2371.746
2373.26
2373.26
2385.3723
2411.8682
2428.5227
2451.9902
2501.9536
2545.8608
2584.4688
2643.5166
2698.022
2743.4434
2802.4907
2866.0806
2894.09
2927.3992
2987.961
2987.961
3015.2134
3058.3638
3100
3091.6726
3100
3100
3100
3100
3100
3100
3100
3100
3100
3100
3100
3100
3100
3100
3100
3100
3100
3100
3100
3100
3100
3100
3100
3084.1023
3073.5042
3045.4944
3051.5505
3056.0928
3019.7556
3015.2134
3021.2698
2976.6055
2950.867
2965.2502
2924.371
2896.3613
2921.343
2900.1465
2875.1648
2888.0342
2897.8752
2863.0522
2844.884
2841.8557
2807.0327
2779.78
2781.2942
2779.78
2754.0415
2767.6677
2761.6118
2752.5276
2760.8547
2792.6494
2791.8926
2791.1355
2838.0706
2827.4724
2843.3699
2885.0059
2894.8474
2897.1184
2930.4272
2952.3809
2951.624
2984.9326
3024.2979
3024.2979
3046.2515
3081.8315
3068.9622
3081.8315
3100
3100
3100
3100
3100
3100
3100
3100
3100
3100
3100
3100
3100
3100
3100
3100
3100
3100
3100
3100
3100
3100
3084.8596
3072.7473
3045.4944
2999.3162
2977.3625
2936.4834
2854.725
2841.8557
2821.4163
2803.2478
2803.2478
2822.1733
2807.7898
2816.8743
2824.4443
2794.1636
2783.5652
2777.509
2757.8267
2742.686
2747.228
2768.4248
2757.0696
2793.4065
2834.2856
2857.7532
2922.857
3009.9143
3078.8032
3100
3100
3046.2515
2984.9326
2909.9878
2875.9216
2844.884
2915.2869
2963.7363
2988.7178
3005.3723
3051.5505
3040.1953
3037.167
3078.8032
3084.8596
3080.3171
3100
3100
3100
3100
3100
3100
3100
3100
3100
3100
3100
3100
3058.3638
3051.5505
3062.149
3045.4944
3017.4846
3035.653
3039.4382
3045.4944
3048.5225
3034.1392
3018.9985
3011.4287
3009.9143
2980.3906
2997.802
3003.8584
3012.9426
3021.2698
3068.9622
3061.3918
3034.1392
3061.3918
3057.6067
3003.8584
3018.9985
2994.7742
2977.3625
2984.1758
2981.1477
2972.8206
2989.4749
3003.1013
2982.6616
2965.2502
2981.1477
2962.2222
2923.614
2936.4834
2920.5862
2906.2026
2926.642
2951.624
2925.8853
2951.624
2975.8484
2978.8767
2969.0354
2987.961
2972.8206
2949.3528
2949.3528
2948.5957
2942.5398
2954.6519
2960.7083
2937.2405
2952.3809
2984.9326
2972.8206
2963.7363
2975.8484
2961.465
2942.5398
2943.2966
2933.4556
2909.9878
2906.2026
2915.2869
2915.2869
2919.8289
2928.913
2898.6323
2903.1746
2927.3992
2903.1746
2875.9216
2916.801
2888.791
2870.6226
2877.436
2894.09
2891.0623
2900.9036
2924.371
2918.315
2913.0159
2950.1096
2954.6519
2941.7825
2951.624
2948.5957
2936.4834
2952.3809
2969.0354
2969.0354
2994.7742
3020.513
3033.382
3025.812
3039.4382
3021.2698
3000.0732
3012.9426
2990.989
2987.961
3010.6714
3021.2698
3012.1855
3029.597
3062.9058
3045.4944
3050.0364
3067.448
3039.4382
3038.6812
3060.6348
3014.4565
2987.961
3000.0732
2998.5593
2997.045
3006.8862
2988.7178
2963.7363
2942.5398
2960.7083
2942.5398
2905.4456
2923.614
2885.7632
2878.1929
2886.5203
2890.3052
2888.791
2922.1
2903.1746
2893.3333
2906.2026
2917.5579
2884.249
2900.1465
2918.315
2899.3894
2903.1746
2928.1563
2945.5676
2958.437
3023.5408
3091.6726
3100
3100
3100
3100
3100
3057.6067
2960.7083
2913.0159
2941.7825
2980.3906
2997.045
2999.3162
3022.0269
2987.2039
3013.6995
3003.1013
2978.8767
2985.69
2983.4187
2949.3528
2956.923
2985.69
2970.5493
2981.1477
2999.3162
3015.2134
2993.26
3022.0269
3011.4287
3013.6995
3013.6995
3018.2417
3012.1855
2982.6616
3028.84
3012.1855
3008.4004
3045.4944
3055.3357
3025.055
3060.6348
3051.5505
3024.2979
3025.812
3026.5688
2998.5593
3009.1575
3055.3357
3037.167
3026.5688
3068.205
3062.149
3059.1208
3087.8875
3078.8032
3052.3076
3081.8315
3062.9058
3029.597
3039.4382
3072.7473
3018.9985
3026.5688
3035.653
3025.055
3006.8862
3006.8862
3001.5872
2962.979
2970.5493
2953.138
2915.2869
2919.072
2948.5957
2920.5862
2911.5017
2938.7546
2943.2966
2925.1282
2950.1096
2961.465
2924.371
2928.913
2943.2966
2924.371
2933.4556
2929.6704
2937.2405
2937.2405
2966.7642
2958.437
2971.3064
2975.0916
2977.3625
2952.3809
2932.6982
2936.4834
2903.1746
2925.8853
2937.2405
2925.8853
2929.6704
2954.6519
2969.7925
2946.3247
2963.7363
2960.7083
2940.2686
2960.7083
2961.465
2939.5115
2968.2783
2985.69
2984.9326
2989.4749
3019.7556
3009.9143
3010.6714
3033.382
3018.9985
2990.989
2998.5593
3009.1575
2984.9326
2985.69
3000.0732
2997.802
2992.503
3000.83
2972.0632
2974.3345
2993.26
3015.2134
2986.4468
2984.1758
2981.1477
2988.7178
2997.802
3012.1855
2990.232
2990.989
3012.1855
2997.045
3000.0732
3033.382
3000.0732
2932.6982
2947.8389
2943.2966
2921.343
2920.5862
2927.3992
2912.2588
2933.4556
2942.5398
2950.867
2935.7263
2962.2222
2941.0254
2925.1282
2924.371
2936.4834
2896.3613
2925.8853
2939.5115
2929.6704
2948.5957
2989.4749
2978.8767
2988.7178
3036.4102
3058.3638
3100
3100
3100
3100
3100
3082.5884
2956.923
2888.791
2924.371
2948.5957
2963.7363
2977.3625
2946.3247
2927.3992
2942.5398
2936.4834
2915.2869
2925.1282
2936.4834
2916.801
2942.5398
2984.9326
2984.9326
2970.5493
2993.26
2997.045
2977.3625
2985.69
2997.045
2978.8767
2992.503
3001.5872
2978.1196
3016.7278
3021.2698
3018.2417
3008.4004
3036.4102
3011.4287
3024.2979
3025.055
3012.1855
3018.2417
3028.84
3026.5688
3003.1013
3036.4102
3060.6348
3049.2795
3063.663
3073.5042
3061.3918
3043.2234
3059.878
3058.3638
3061.3918
3062.149
3064.42
3057.6067
3051.5505
3075.7751
3063.663
3058.3638
3062.149
3046.2515
2999.3162
3003.8584
2973.5774
2949.3528
2963.7363
2962.2222
2948.5957
2947.0818
2964.4932
2941.7825
2951.624
2956.923
2934.2124
2911.5017
2928.913
2906.2026
2903.9316
2906.2026
2912.2588
2909.9878
2924.371
2942.5398
2924.371
2933.4556
2952.3809
2918.315
2912.2588
2927.3992
2904.6885
2892.5762
2925.8853
2913.0159
2902.4175
2939.5115
2962.2222
2934.9695
2965.2502
2978.8767
2959.9512
2966.7642
2969.0354
2961.465
2961.465
2981.9048
2984.1758
2973.5774
2997.802
3013.6995
2995.531
3009.1575
3025.812
3003.1013
2987.2039
2993.26
2990.989
2975.8484
2987.961
2990.989
2977.3625
2994.017
3003.1013
2976.6055
2993.26
2997.802
2990.989
3001.5872
2987.961
2972.8206
2962.979
2998.5593
3000.0732
2964.4932
2977.3625
2977.3625
2953.8948
2972.8206
2970.5493
2942.5398
2914.5298
2934.2124
2912.2588
2916.0437
2930.4272
2925.1282
2929.6704
2943.2966
2951.624
2953.138
2970.5493
2982.6616
2966.7642
2985.69
2997.045
2973.5774
2972.8206
2985.69
2981.9048
2990.989
3001.5872
3018.2417
2999.3162
3023.5408
3070.476
3100
3100
3100
3100
3100
3100
3045.4944
2937.2405
2921.343
2936.4834
2947.8389
2990.989
2978.8767
2945.5676
2928.913
2926.642
2913.0159
2896.3613
2903.1746
2885.7632
2881.978
2922.857
2918.315
2920.5862
2938.7546
2953.138
2931.1843
2951.624
2953.138
2927.3992
2925.8853
2935.7263
2937.2405
2937.2405
2972.8206
2975.8484
2964.4932
2985.69
3027.326
2994.7742
3000.83
3017.4846
3000.83
2999.3162
3027.326
3022.7837
3021.2698
3035.653
3074.2612
3072.7473
3095.4578
3099.243
3087.8875
3100
3097.7288
3068.9622
3058.3638
3067.448
3060.6348
3046.2515
3077.2893
3066.691
3036.4102
3036.4102
3034.1392
3001.5872
2999.3162
2993.26
2961.465
2946.3247
2954.6519
2930.4272
2925.1282
2941.0254
2946.3247
2928.913
2945.5676
2943.2966
2913.0159
2920.5862
2930.4272
2891.0623
2888.0342
2894.09
2875.9216
2880.4639
2904.6885
2906.2026
2892.5762
2925.8853
2928.913
2903.1746
2931.9412
2936.4834
2909.9878
2904.6885
2928.1563
2913.0159
2893.3333
2930.4272
2935.7263
2928.1563
2946.3247
2961.465
2950.867
2969.7925
2965.2502
2944.8105
2942.5398
2969.7925
2956.923
2959.9512
2994.017
2989.4749
3001.5872
3046.2515
3033.382
3022.0269
3034.8962
3043.2234
3009.1575
3020.513
3009.9143
2997.045
2982.6616
3018.9985
3015.2134
3024.2979
3039.4382
3032.625
3019.7556
3033.382
3034.8962
3021.2698
3012.9426
2990.989
2962.979
2975.8484
2975.0916
2978.1196
2950.867
2963.7363
2937.2405
2931.1843
2948.5957
2940.2686
2900.9036
2913.0159
2928.913
2894.09
2903.1746
2925.1282
2924.371
2915.2869
2932.6982
2928.1563
2915.2869
2941.7825
2954.6519
2903.1746
2915.2869
2949.3528
2932.6982
2958.437
3001.5872
3011.4287
3078.8032
3100
3100
3100
3100
3100
3100
3022.0269
2942.5398
2906.2026
2960.7083
2987.2039
2987.2039
2984.9326
2988.7178
2981.9048
2963.7363
2966.0073
2974.3345
2942.5398
2949.3528
2974.3345
2944.8105
2949.3528
2997.045
3003.1013
2998.5593
3017.4846
3028.84
3001.5872
3025.812
3006.8862
2989.4749
2980.3906
2987.961
2960.7083
2970.5493
2984.9326
2970.5493
2962.2222
2981.1477
2951.624
2941.7825
2984.9326
2997.802
2984.9326
2990.989
3000.0732
3000.0732
3028.84
3048.5225
3048.5225
3043.2234
3069.719
3043.2234
3022.0269
3048.5225
3017.4846
3021.2698
3012.9426
3012.9426
2990.989
2984.1758
2986.4468
2951.624
2966.7642
2976.6055
2970.5493
2959.9512
2990.989
3000.0732
2991.7458
3020.513
3045.4944
3013.6995
3043.2234
3034.1392
3021.2698
3017.4846
3060.6348
3057.6067
3068.205
3071.9902
3083.3455
3084.8596
3081.8315
3063.663
3037.9243
3015.2134
3011.4287
2987.2039
3012.9426
3015.9707
3024.2979
3022.0269
3038.6812
3031.111
3025.812
3005.3723
2978.1196
2961.465
2950.867
2969.7925
2948.5957
2962.2222
2975.0916
2969.0354
2972.8206
2982.6616
2958.437
2931.1843
2931.1843
2905.4456
2869.1086
2880.4639
2900.1465
2885.0059
2900.1465
2929.6704
2927.3992
2922.1
2959.9512
2941.7825
2944.8105
2962.979
2970.5493
2982.6616
2981.1477
3003.1013
3017.4846
3057.6067
3098.4858
3081.8315
3072.7473
3082.5884
3087.8875
3081.8315
3077.2893
3045.4944
3009.9143
3012.9426
3039.4382
3011.4287
3039.4382
3043.2234
3045.4944
3045.4944
3071.9902
3077.2893
3043.2234
3078.8032
3018.9985
3009.9143
3021.2698
3021.2698
3012.9426
3021.2698
3050.7937
3024.2979
3024.2979
3032.625
3024.2979
3005.3723
3043.2234
3085.6167
3100
3100
3100
3100
3100
3079.5603
2975.8484
2923.614
2948.5957
2954.6519
2966.7642
2972.8206
2950.1096
2925.1282
2946.3247
2947.0818
2948.5957
2969.0354
2994.017
2983.4187
2978.1196
3001.5872
2985.69
2984.9326
2989.4749
2977.3625
2960.7083
2975.8484
2991.7458
2975.8484
2988.7178
2997.802
2986.4468
2978.8767
2997.045
2978.8767
2959.9512
2969.0354
2961.465
2952.3809
2974.3345
2973.5774
2961.465
2986.4468
2997.045
2984.1758
3009.1575
3024.2979
3003.1013
3000.83
3018.9985
2997.045
2979.6335
2997.045
3012.1855
2975.8484
2995.531
2991.7458
2985.69
2997.045
3001.5872
2975.8484
2960.7083
2984.9326
2947.8389
2954.6519
2964.4932
2960.7083
2951.624
2979.6335
2981.9048
2977.3625
2990.989
3000.83
2978.8767
2971.3064
2984.9326
2970.5493
2977.3625
3000.83
2974.3345
2972.8206
2998.5593
2997.045
2997.045
3009.9143
3005.3723
2985.69
2991.7458
2989.4749
2950.867
2961.465
2975.8484
2948.5957
2942.5398
2978.1196
2984.9326
2976.6055
2992.503
2985.69
2958.437
2972.8206
2975.8484
2938.7546
2949.3528
2972.8206
2950.1096
2958.437
2964.4932
2972.8206
2946.3247
2964.4932
2981.9048
2946.3247
2940.2686
2963.7363
2924.371
2918.315
2942.5398
2936.4834
2918.315
2949.3528
2941.0254
2961.465
2972.8206
2969.0354
2951.624
2975.8484
2980.3906
2969.0354
2991.7458
3019.7556
2990.989
2975.8484
2999.3162
2975.8484
2982.6616
2967.5212
2951.624
2915.2869
2941.0254
2945.5676
2918.315
2936.4834
2947.0818
2935.7263
2951.624
2964.4932
2951.624
2938.7546
2963.7363
2950.867
2950.867
2956.923
2953.138
2928.1563
2941.0254
2948.5957
2936.4834
2950.1096
2983.4187
2987.2039
2982.6616
3050.0364
3095.4578
3100
3100
3100
3100
3100
3067.448
2938.7546
2894.09
2938.7546
2960.7083
2966.7642
2975.8484
2946.3247
2935.7263
2954.6519
2954.6519
2915.2869
2933.4556
2944.8105
2934.2124
2939.5115
2969.0354
2977.3625
2984.9326
2997.802
2987.2039
2982.6616
2997.802
3002.3442
2962.979
2997.045
2996.288
2980.3906
2990.989
3008.4004
2991.7458
2981.1477
3010.6714
2993.26
2985.69
3003.1013
2987.2039
2947.8389
2985.69
2975.0916
2985.69
2984.9326
2986.4468
2980.3906
3009.1575
3021.2698
2993.26
2977.3625
2990.232
3000.0732
2959.9512
2981.1477
2981.1477
2966.0073
2983.4187
2984.9326
2972.8206
2967.5212
2984.9326
2963.7363
2940.2686
2941.7825
2934.9695
2918.315
2920.5862
2927.3992
2908.4736
2937.2405
2954.6519
2948.5957
2949.3528
2982.6616
2954.6519
2948.5957
2981.9048
2972.8206
2951.624
2938.7546
2954.6519
2942.5398
2949.3528
2982.6616
2958.437
2963.7363
2980.3906
2960.7083
2953.138
2972.8206
2975.8484
2946.3247
2954.6519
2953.138
2939.5115
2966.7642
2987.961
2959.9512
2958.437
2995.531
