1195.3357
1168.0831
1210.4762
1186.2515
1131.7461
1108.2784
1180.1953
1132.503
1111.3064
1174.1392
1125.6898
1080.2687
1125.6898
1120.3906
1063.6141
1043.1747
1114.3346
1275.58
1591.2577
2138.5837
2415.6533
2206.7156
1676.044
1141.5873
954.6032
1049.2308
1132.503
1145.3724
1171.1111
1243.7852
1246.8132
1214.2614
1259.6825
1271.0378
1229.4017
1283.9072
1323.2722
1310.4028
1325.5433
1387.619
1422.442
1410.3296
1470.8912
1452.7228
1446.6666
1464.8352
1486.0316
1460.2931
1459.536
1501.9292
1507.2283
1523.8827
1579.9025
1578.3883
1585.2015
1645.0062
1720.7083
1737.3627
1762.3444
1831.9902
1828.2051
1816.0929
1888.7667
1903.9072
1876.6545
1913.7485
1900.8792
1825.1771
1780.5128
1730.5494
1570.8181
1474.6764
1508.7423
1266.4957
1065.8851
1064.3712
1095.409
1056.8009
1059.072
1080.2687
1043.1747
1105.2502
1177.9243
1094.6521
987.1551
1049.2308
1062.8572
1058.3151
1107.5214
1186.2515
1155.9707
1210.4762
1281.6361
1244.5421
1229.4017
1283.9072
1335.3846
1280.8792
1230.9158
1277.094
1252.1123
1239.2429
1274.823
1274.0658
1287.6923
1286.1782
1252.8694
1166.569
1216.5323
1301.3186
1212.7472
1158.9988
1216.5323
1217.2893
1205.1771
1228.6448
1206.691
1150.6715
1155.9707
1152.9426
1112.0635
1111.3064
1126.4469
1048.4738
988.66907
1120.3906
1162.0269
1025.7632
956.87427
993.2112
1010.62274
1095.409
1117.3627
1013.65076
992.4542
1121.9048
1150.6715
1090.1099
1108.2784
1187.0085
1149.9146
1112.0635
1092.381
1024.249
1040.9036
1131.7461
1163.5409
1107.5214
1131.7461
1140.0732
1098.437
1137.8022
1192.3077
1138.5592
1095.409
1174.1392
1268.7667
1508.7423
1931.1599
2300.586
2221.856
1778.2417
1264.9816
921.29425
935.6777
1087.8387
1168.8401
1184.7374
1268.7667
1331.5995
1276.337
1301.3186
1383.8339
1349.011
1335.3846
1392.9181
1422.442
1392.9181
1510.2565
1501.1721
1467.8632
1501.9292
1565.5189
1546.5933
1535.9951
1621.5386
1595.7998
1574.6031
1606.3981
1645.0062
1583.6874
1616.2393
1679.8291
1613.9683
1622.2955
1689.6703
1688.9133
1656.3615
1716.9231
1764.6154
1676.044
1752.503
1791.8682
1713.138
1632.1368
1635.1649
1572.3322
1487.5458
1449.6947
1364.9083
1234.7008
1211.2332
1186.2515
1108.2784
1105.2502
1140.0732
1107.5214
1049.2308
1112.0635
1083.2966
1046.2026
1096.9231
1128.7179
1081.0256
1095.409
1146.8865
1102.2222
1065.8851
1138.5592
1120.3906
1095.409
1149.9146
1172.6252
1114.3346
1140.8303
1187.0085
1177.1672
1156.7277
1230.9158
1220.3175
1213.5043
1258.9255
1271.7948
1257.4115
1280.1221
1349.768
1317.9731
1293.7485
1358.8523
1337.6556
1289.2063
1365.6654
1355.8241
1289.9634
1324.7863
1355.8241
1307.3749
1302.8328
1345.9829
1322.5153
1273.3088
1328.5714
1343.7119
1279.3651
1296.0195
1339.9268
1283.9072
1303.5897
1386.105
1324.7863
1283.1501
1346.7399
1352.0391
1337.6556
1422.442
1475.4335
1380.8059
1416.3857
1470.8912
1423.956
1355.0671
1434.5543
1417.1428
1344.4689
1373.9927
1361.1233
1311.1599
1345.2258
1395.9463
1367.9365
1326.3004
1386.105
1368.6935
1305.1038
1346.7399
1352.796
1271.7948
1409.5726
1733.5776
2165.0793
2603.3943
2688.1807
2140.8545
1471.6483
1243.7852
1283.1501
1325.5433
1368.6935
1441.3676
1411.0867
1420.1709
1487.5458
1489.0598
1452.7228
1505.7144
1514.7985
1495.116
1486.7887
1532.21
1492.845
1487.5458
1565.5189
1564.762
1501.9292
1553.4066
1608.6692
1532.21
1592.7717
1644.249
1616.9965
1629.1086
1720.7083
1689.6703
1695.7266
1782.7838
1813.0647
1822.149
1864.5421
1967.497
1928.8889
1987.1796
2050.0122
2044.713
1993.9927
2057.5823
2088.62
1973.5531
1956.1416
1925.1038
1785.812
1701.0258
1666.2026
1521.6117
1433.0403
1421.6849
1389.89
1319.487
1305.1038
1328.5714
1213.5043
1205.9341
1231.6727
1198.3639
1146.8865
1195.3357
1162.0269
1096.166
1141.5873
1174.1392
1118.8767
1119.6337
1174.8962
1138.5592
1085.5677
1155.9707
1134.774
1073.4554
1121.9048
1133.26
1065.1282
1092.381
1149.9146
1099.1942
1087.0818
1137.8022
1098.437
1040.1465
1096.166
1105.2502
1059.072
1059.8291
1096.9231
1044.6887
1054.5299
1096.9231
1083.2966
1015.16486
1071.1844
1081.0256
1013.65076
1031.8193
1074.9694
1025.0061
1011.3797
1107.5214
1055.2869
1009.86566
1059.8291
1074.2124
1031.0623
1044.6887
1104.4933
1046.9597
1048.4738
1114.3346
1083.2966
1040.9036
1099.1942
1118.8767
1056.044
1092.381
1140.8303
1099.9512
1148.4004
1219.5604
1190.0366
1143.8583
1190.0366
1195.3357
1125.6898
1146.1294
1195.3357
1102.9791
1087.0818
1098.437
1067.3993
1028.7911
1083.2966
1071.9414
1031.8193
1065.8851
1096.166
1033.3333
1041.6605
1071.1844
1012.1367
1013.65076
1271.7948
1641.2211
2065.1526
2391.4285
2179.4626
1501.9292
984.127
929.6215
981.85596
1003.0525
1084.8108
1114.3346
1081.0256
1156.7277
1192.3077
1149.9146
1164.298
1207.4481
1158.2417
1174.1392
1220.3175
1196.8499
1174.1392
1217.2893
1252.8694
1186.2515
1234.7008
1289.9634
1244.5421
1246.8132
1331.5995
1296.0195
1257.4115
1340.6837
1353.5531
1308.1318
1380.0487
1449.6947
1405.0305
1439.8534
1561.7339
1523.1257
1529.1819
1635.9219
1654.0905
1609.4261
1661.6605
1682.8572
1598.8279
1559.4628
1579.9025
1483.7606
1366.4224
1335.3846
1258.9255
1134.774
1081.0256
1048.4738
931.8926
880.41516
899.3407
844.0782
789.57263
843.32117
831.2088
767.619
805.4701
845.5922
781.2455
792.60077
847.1062
819.0965
790.3297
869.0599
856.9476
810.7693
889.49945
909.9389
856.9476
895.55554
927.35046
889.49945
860.7326
919.7803
931.8926
873.602
917.50916
953.0891
913.72406
928.1074
956.87427
937.9487
901.61176
968.22955
950.0611
899.3407
950.0611
972.01465
913.72406
946.27594
1025.7632
964.44446
950.0611
1001.5385
996.99634
968.9866
1004.5665
1017.4359
962.1734
1006.8376
1062.1002
1025.7632
1015.16486
1074.9694
1071.1844
1029.5483
1097.68
1117.3627
1071.1844
1099.1942
1181.7094
1109.7925
1097.68
1174.1392
1174.1392
1143.8583
1215.7754
1239.2429
1195.3357
1240.757
1271.0378
1202.906
1216.5323
1289.2063
1252.8694
1211.2332
1308.1318
1302.8328
1240.757
1240.757
1271.7948
1238.486
1240.757
1302.0757
1254.3833
1196.0928
1241.5139
1244.5421
1213.5043
1281.6361
1277.851
1242.2711
1232.4297
1283.9072
1239.2429
1183.2235
1242.2711
1350.525
1616.2393
2100.7327
2518.6082
2355.8486
1872.1124
1289.9634
980.3419
1012.1367
1187.0085
1219.5604
1193.8217
1256.6544
1314.945
1283.1501
1315.702
1361.1233
1325.5433
1331.5995
1414.1147
1394.4321
1367.9365
1405.7875
1428.4982
1387.619
1403.5164
1450.4518
1430.7692
1432.2833
1495.116
1493.6019
1449.6947
1514.0414
1532.21
1489.0598
1528.4248
1579.9025
1520.0977
1557.1918
1630.6228
1616.9965
1624.5665
1737.3627
1759.3162
1738.1198
1813.0647
1876.6545
1791.8682
1791.1111
1852.4298
1794.8962
1695.7266
1726.7643
1667.7168
1525.3969
1486.0316
1448.9376
1349.768
1296.0195
1326.3004
1249.0842
1188.5226
1238.486
1246.8132
1204.4199
1230.1587
1199.1208
1174.1392
1193.0647
1244.5421
1225.6166
1237.729
1307.3749
1307.3749
1232.4297
1313.431
1357.3381
1312.674
1331.5995
1355.8241
1304.3467
1296.7765
1373.9927
1358.8523
1310.4028
1354.3102
1365.6654
1333.1135
1366.4224
1434.5543
1377.7777
1335.3846
1414.8718
1380.0487
1331.5995
1379.2917
1398.9742
1349.768
1399.7314
1450.4518
1434.5543
1425.47
1474.6764
1470.8912
1439.8534
1525.3969
1519.3406
1459.536
1495.116
1523.1257
1477.7045
1478.4615
1561.7339
1532.9669
1498.901
1561.7339
1599.585
1517.0696
1575.3602
1594.2858
1542.8083
1557.9487
1620.0244
1619.2675
1573.0891
1628.3517
1607.9122
1573.8462
1595.0428
1635.9219
1570.8181
1543.5653
1580.6594
1573.8462
1552.6497
1634.4078
1616.2393
1593.5288
1623.0526
1677.5581
1619.2675
1616.9965
1690.4274
1631.3798
1533.724
1583.6874
1585.9585
1506.4713
1573.8462
1564.0049
1492.0879
1478.4615
1495.8729
1442.8816
1452.7228
1513.2844
1483.7606
1433.7972
1480.7325
1513.2844
1434.5543
1420.1709
1592.0146
1785.812
2230.9402
2800.9768
2875.1648
2294.53
1661.6605
1331.5995
1275.58
1374.7496
1464.8352
1426.9841
1416.3857
1501.9292
1495.116
1440.6104
1483.0037
1483.7606
1426.9841
1461.807
1497.3871
1458.7789
1434.5543
1489.0598
1473.9194
1439.8534
1480.7325
1505.7144
1461.807
1498.144
1584.4446
1535.238
1579.9025
1671.5018
1671.5018
1634.4078
1720.7083
1726.7643
1692.6985
1778.2417
1837.2894
1798.6814
1818.3639
1928.132
1906.9353
1898.608
1997.7778
1986.4224
1964.4689
1999.2917
2000.8059
1903.9072
1838.8035
1792.6252
1682.8572
1537.509
1507.9854
1443.6385
1349.768
1325.5433
1292.9915
1194.5787
1182.4664
1228.6448
1139.3162
1119.6337
1149.9146
1140.8303
1077.2406
1111.3064
1140.8303
1091.6239
1081.0256
1157.4847
1111.3064
1096.166
1180.9523
1155.9707
1122.6619
1194.5787
1205.1771
1140.0732
1175.6532
1205.9341
1153.6996
1141.5873
1204.4199
1196.8499
1147.6434
1210.4762
1210.4762
1168.0831
1200.635
1234.7008
1174.8962
1161.2698
1220.3175
1204.4199
1168.0831
1234.7008
1233.9438
1168.0831
1211.9902
1234.7008
1183.9805
1177.9243
1240.757
1201.392
1155.9707
1233.1869
1225.6166
1155.9707
1186.2515
1238.486
1180.9523
1174.1392
1246.8132
1198.3639
1173.3822
1222.5885
1222.5885
1177.9243
1234.7008
1264.9816
1195.3357
1198.3639
1277.094
1219.5604
1195.3357
1249.8412
1274.0658
1240.757
1233.1869
1274.823
1228.6448
1240.757
1330.0854
1259.6825
1252.8694
1318.7301
1317.2161
1278.608
1313.431
1331.5995
1238.486
1252.1123
1308.1318
1255.8975
1252.8694
1258.9255
1217.2893
1187.0085
1231.6727
1236.9718
1204.4199
1214.2614
1253.6263
1186.2515
1168.0831
1200.635
1171.1111
1182.4664
1452.7228
1819.8778
2173.4065
2301.343
2056.8254
1377.0208
928.8645
908.4249
992.4542
1054.5299
1168.8401
1240
1205.1771
1243.7852
1295.2625
1237.729
1237.729
1293.7485
1264.9816
1221.0745
1296.7765
1296.0195
1272.5519
1331.5995
1378.5348
1317.2161
1314.188
1405.7875
1368.6935
1373.9927
1440.6104
1473.9194
1419.414
1459.536
1531.4529
1508.7423
1555.6776
1618.5104
1648.0342
1626.0807
1722.9792
1797.9243
1767.6434
1810.7936
1888.7667
1827.4481
1852.4298
1919.0476
1864.5421
1788.0831
1791.8682
1732.8206
1582.9304
1548.1074
1519.3406
1351.282
1283.9072
1274.0658
1174.1392
1108.2784
1126.4469
1095.409
1040.9036
1065.1282
1105.2502
1059.8291
1102.9791
1171.868
1149.9146
1140.8303
1216.5323
1205.9341
1141.5873
1219.5604
1227.8876
1150.6715
1168.0831
1177.9243
1121.9048
1091.6239
1135.5311
1100.7081
1050.7448
1077.9976
1062.8572
995.4823
1012.8938
1075.7266
1002.2955
968.9866
1046.9597
1045.4457
1034.0905
1104.4933
1121.9048
1065.8851
1136.2882
1165.8119
1107.5214
1096.166
1155.9707
1127.204
1074.9694
1107.5214
1105.2502
1069.6703
1102.9791
1137.8022
1082.5397
1085.5677
1155.9707
1101.4652
1070.4272
1157.4847
1165.0549
1116.6056
1149.1575
1174.8962
1117.3627
1134.0171
1193.0647
1146.8865
1109.0354
1160.5128
1137.8022
1084.8108
1103.7363
1123.4188
1078.7545
1080.2687
1120.3906
1107.5214
1079.5116
1149.9146
1165.8119
1129.475
1178.6813
1209.7192
1142.3444
1135.5311
1216.5323
1152.9426
1133.26
1193.0647
1143.8583
1074.2124
1102.2222
1144.6154
1094.6521
1124.1758
1177.1672
1122.6619
1093.138
1108.2784
1062.1002
974.2857
1059.8291
1271.0378
1579.9025
2022.0024
2240.7813
2017.4603
1437.5824
1040.1465
950.0611
1000.78143
1140.0732
1181.7094
1127.204
1157.4847
1206.691
1149.1575
1149.9146
1207.4481
1187.0085
1149.1575
1235.4579
1249.0842
1231.6727
1283.1501
1346.7399
1337.6556
1363.3944
1435.3113
1411.0867
1408.8157
1459.536
1426.9841
1350.525
1392.1611
1410.3296
1338.4126
1340.6837
1392.9181
1401.2454
1409.5726
1517.8265
1572.3322
1572.3322
1626.0807
1732.8206
1685.8853
1704.8108
1768.4005
1732.8206
1694.2124
1750.2319
1727.5214
1647.2772
1594.2858
1533.724
1417.1428
1341.4408
1314.188
1199.8778
1125.6898
1146.8865
1078.7545
980.3419
1001.5385
998.5104
925.07935
939.46277
989.42615
951.5751
913.72406
963.68744
934.92065
885.7143
962.1734
956.87427
902.3687
931.8926
972.01465
945.5189
947.79
1014.4079
1023.4921
990.18317
1044.6887
1068.1563
1036.3615
1044.6887
1096.166
1054.5299
1023.4921
1068.9133
1040.9036
986.3981
1047.7168
1072.6984
1023.4921
1053.0159
1109.7925
1043.9316
1053.773
1102.2222
1077.9976
1053.0159
1107.5214
1096.9231
1056.8009
1090.1099
1125.6898
1075.7266
1061.343
1111.3064
1089.3529
1023.4921
1087.0818
1103.7363
1044.6887
1087.0818
1131.7461
1074.9694
1095.409
1144.6154
1113.5775
1089.3529
1168.0831
1169.597
1104.4933
1143.8583
1159.7559
1127.204
1137.8022
1194.5787
1152.9426
1137.8022
1198.3639
1212.7472
1192.3077
1208.962
1202.1489
1149.9146
1144.6154
1199.8778
1154.4567
1134.774
1149.1575
1133.26
1066.6423
1110.5494
1128.7179
1089.3529
1095.409
1117.3627
1049.2308
1023.4921
1077.2406
1019.707
1053.773
1372.4786
1807.0087
2161.2942
2293.0159
1955.3846
1286.9352
957.6313
1014.4079
1101.4652
1141.5873
1222.5885
1255.8975
1214.2614
1249.8412
1277.094
1224.1025
1222.5885
1267.2527
1252.1123
1238.486
1301.3186
1301.3186
1258.9255
1305.1038
1373.9927
1317.2161
1296.0195
1368.6935
1375.5066
1328.5714
1395.1892
1422.442
1374.7496
1427.7412
1513.2844
1481.4895
1507.9854
1592.7717
1613.2113
1598.8279
1695.7266
1761.5874
1746.447
1797.1674
1882.7107
1835.0183
1852.4298
1921.3186
1891.7949
1858.486
1838.0464
1760.8303
1632.1368
1622.2955
1543.5653
1386.105
1313.431
1277.094
1174.8962
1087.0818
1103.7363
1068.1563
985.641
1006.0806
999.2674
955.36017
1010.62274
1040.9036
1015.16486
990.9401
1083.2966
1079.5116
1054.5299
1113.5775
1135.5311
1098.437
1124.9329
1179.4384
1155.9707
1107.5214
1146.8865
1126.4469
1065.8851
1124.1758
1132.503
1065.8851
1098.437
1128.7179
1077.9976
1065.1282
1098.437
1062.8572
1037.1184
1104.4933
1111.3064
1052.2588
1087.8387
1137.8022
1095.409
1090.867
1132.503
1127.204
1077.9976
1128.7179
1129.475
1082.5397
1143.8583
1156.7277
1111.3064
1122.6619
1192.3077
1143.8583
1125.6898
1156.7277
1120.3906
1071.9414
1098.437
1137.8022
1077.2406
1079.5116
1119.6337
1102.2222
1065.1282
1141.5873
1132.503
1077.9976
1134.774
1193.0647
1140.8303
1165.8119
1220.3175
1182.4664
1136.2882
1186.2515
1188.5226
1132.503
1199.1208
1235.4579
1137.8022
1126.4469
1146.8865
1131.7461
1119.6337
1174.1392
1156.7277
1109.0354
1144.6154
1152.9426
1071.1844
1071.9414
1162.0269
1283.9072
1582.1735
2081.05
2349.0352
2062.1245
1547.3505
1055.2869
872.0879
980.3419
1125.6898
1146.8865
1172.6252
1252.8694
1271.0378
1221.8314
1301.3186
1270.2809
1240.757
1290.7203
1321.0012
1276.337
1283.9072
1337.6556
1318.7301
1308.1318
1386.105
1387.619
1345.2258
1379.2917
1423.199
1374.7496
1401.2454
1478.4615
1459.536
1472.4053
1534.4811
1543.5653
1540.5372
1610.1832
1671.5018
1682.8572
1716.1661
1818.3639
1816.0929
1789.597
1885.7388
1894.0659
1852.4298
1867.5703
1871.3553
1816.8499
1763.1013
1737.3627
1592.0146
1480.7325
1448.9376
1362.6373
1255.1404
1235.4579
1216.5323
1120.3906
1102.2222
1129.475
1060.586
1015.16486
1074.9694
1071.1844
1028.7911
1097.68
1096.166
1052.2588
1096.166
1143.8583
1096.166
1124.1758
1149.1575
1143.1013
1102.9791
1145.3724
1150.6715
1089.3529
1128.7179
1168.8401
1133.26
1120.3906
1192.3077
1181.7094
1120.3906
1180.9523
1201.392
1144.6154
1195.3357
1219.5604
1159.7559
1174.8962
1227.8876
1196.8499
1163.5409
1193.0647
1183.2235
1137.8022
1174.1392
1192.3077
1149.9146
1113.5775
1192.3077
1158.9988
1129.475
1193.8217
1174.8962
1134.774
1171.868
1222.5885
1180.1953
1201.392
1255.8975
1228.6448
1204.4199
1277.094
1271.0378
1243.0281
1283.9072
1298.2906
1264.9816
1283.9072
1353.5531
1326.3004
1337.6556
1389.133
1378.5348
1332.3564
1343.7119
1347.4968
1299.8046
1304.3467
1357.3381
1283.9072
1247.5702
1314.945
1291.4774
1277.851
1336.8987
1361.8802
1280.8792
1295.2625
1331.5995
1258.1685
1243.7852
1330.0854
1489.0598
1792.6252
2349.0352
2697.265
2397.4849
1786.569
1258.9255
1032.5763
1087.8387
1280.1221
1325.5433
1304.3467
1380.0487
1416.3857
1386.862
1436.0682
1459.536
1417.1428
1429.2551
1486.7887
1498.144
1438.3394
1501.1721
1534.4811
1471.6483
1546.5933
1574.6031
1561.7339
1563.2479
1583.6874
1576.1173
1572.3322
1631.3798
1655.6045
1616.2393
1641.2211
1719.9512
1710.867
1756.2882
1840.3175
1856.2148
1889.5238
1991.7217
2003.834
1967.497
2040.1709
2091.6484
2015.9464
2018.9744
2055.3115
1979.6093
1872.8694
1885.7388
1761.5874
1592.7717
1542.8083
1510.2565
1373.9927
1327.0574
1308.1318
1237.729
1186.2515
1206.691
1183.2235
1125.6898
1158.9988
1177.9243
1109.7925
1119.6337
1177.1672
1132.503
1096.166
1178.6813
1169.597
1143.8583
1199.8778
1225.6166
1174.1392
1193.0647
1246.8132
1201.392
1183.9805
1243.7852
1230.1587
1168.8401
1229.4017
1236.2148
1174.1392
1193.0647
1250.5983
1194.5787
1195.3357
1243.0281
1226.3735
1201.392
1246.8132
1250.5983
1196.0928
1224.8596
1247.5702
1208.962
1188.5226
1260.4396
1228.6448
1183.9805
1228.6448
1234.7008
1183.2235
1236.2148
1258.9255
1245.2991
1228.6448
1271.7948
1238.486
1193.0647
1246.8132
1283.1501
1224.1025
1264.9816
1291.4774
1280.1221
1279.3651
1352.0391
1319.487
1313.431
1356.5812
1380.0487
1348.2539
1392.1611
1405.7875
1332.3564
1332.3564
1350.525
1319.487
1275.58
1290.7203
1259.6825
1187.0085
1254.3833
1271.0378
1215.0183
1243.0281
1313.431
1252.1123
1224.1025
1264.9816
1237.729
1283.9072
1595.7998
2067.4236
2445.934
2528.4492
2156.7522
1472.4053
1050.7448
1108.2784
1204.4199
1208.2051
1311.1599
1380.8059
1404.2736
1436.0682
1476.9474
1440.6104
1476.9474
1576.8743
1558.7058
1515.5555
1573.8462
1622.2955
1588.9867
1613.9683
1658.6326
1585.9585
1604.1271
1655.6045
1641.2211
1595.7998
1653.3334
1697.9976
1637.4359
1688.9133
1693.4554
1641.2211
1664.6887
1710.11
1679.072
1701.0258
1762.3444
1794.1393
1785.812
1830.4762
1903.9072
1847.1306
1828.9622
1889.5238
1876.6545
1811.5508
1816.0929
1738.1198
1620.7814
1579.9025
1547.3505
1442.8816
1416.3857
1416.3857
1311.1599
1248.3273
1247.5702
1225.6166
1180.1953
1183.9805
1183.9805
1138.5592
1138.5592
1222.5885
1159.7559
1152.1855
1215.0183
1205.9341
1177.9243
1222.5885
1222.5885
1156.7277
1192.3077
1210.4762
1168.0831
1141.5873
1228.6448
1177.1672
1122.6619
1138.5592
1149.9146
1073.4554
1080.2687
1114.3346
1065.1282
1063.6141
1137.8022
1109.7925
1083.2966
1156.7277
1195.3357
1142.3444
1210.4762
1256.6544
1246.8132
1260.4396
1317.2161
1290.7203
1250.5983
1307.3749
1302.0757
1241.5139
1271.0378
1283.1501
1225.6166
1196.0928
1240.757
1168.8401
1109.7925
1140.0732
1131.7461
1063.6141
1074.2124
1128.7179
1084.8108
1102.9791
1181.7094
1158.2417
1151.4286
1229.4017
1261.9536
1234.7008
1289.2063
1330.0854
1241.5139
1246.8132
1304.3467
1252.8694
1219.5604
1252.8694
1193.0647
1148.4004
1155.9707
1207.4481
1123.4188
1146.8865
1177.9243
1126.4469
1100.7081
1146.1294
1108.2784
1034.0905
1165.0549
1428.4982
1773.6996
2213.5286
2382.3442
1990.9646
1326.3004
954.6032
875.11597
965.2015
1127.204
1156.7277
1144.6154
1210.4762
1264.9816
1227.8876
1242.2711
1292.2344
1271.7948
1258.9255
1302.8328
1319.487
1247.5702
1276.337
1320.2441
1289.2063
1298.2906
1344.4689
1346.7399
1314.188
1386.105
1412.6007
1402.7594
1443.6385
1497.3871
1471.6483
1513.2844
1592.7717
1589.7437
1605.641
1713.138
1733.5776
1732.0635
1822.149
1862.2711
1824.42
1837.2894
1909.9634
1853.1869
1826.6912
1822.906
1752.503
1647.2772
1604.1271
1501.9292
1365.6654
1280.8792
1257.4115
1146.8865
1056.044
1080.2687
1004.5665
937.1917
959.1453
971.2576
896.3126
898.5837
957.6313
901.61176
879.6581
946.27594
944.0049
900.85474
955.36017
966.7155
937.9487
944.0049
978.8278
959.1453
937.9487
1004.5665
996.2393
953.8461
1011.3797
1035.6044
983.36993
1012.8938
1067.3993
1020.4639
1001.5385
1071.1844
1037.1184
990.9401
1039.3895
1034.8474
992.4542
999.2674
1046.9597
1025.7632
986.3981
1057.558
1025.7632
1004.5665
1035.6044
1059.072
1001.5385
1018.95
1059.8291
1006.0806
1012.1367
1071.9414
1059.072
1007.5946
1070.4272
1068.1563
999.2674
1037.1184
1053.773
1023.4921
1023.4921
1105.2502
1083.2966
1053.0159
1114.3346
1114.3346
1065.8851
1123.4188
1158.9988
1092.381
1070.4272
1108.2784
1074.9694
1051.5018
1099.1942
1079.5116
1013.65076
1034.8474
1096.9231
1053.0159
1084.8108
1137.8022
1087.8387
1083.2966
1149.9146
1112.8206
1039.3895
1099.1942
1263.4677
1495.116
1987.1796
2392.9426
2243.0525
1688.9133
1089.3529
816.8254
825.90967
1013.65076
1104.4933
1094.6521
1150.6715
1240.757
1197.6068
1180.1953
1236.9718
1212.7472
1174.1392
1527.6678
1598.0708
1551.8926
1514.0414
1580.6594
1574.6031
1531.4529
1569.3041
1579.9025
1499.6581
1523.8827
1526.9108
1465.5922
1431.5261
1491.3308
1497.3871
1482.2466
1567.79
1645.7632
1660.1466
1726.0073
1834.2614
1820.635
1804.7374
1864.5421
1837.2894
1738.1198
1766.1295
1719.1942
1571.5752
1519.3406
1487.5458
1336.1416
1234.7008
1192.3077
1108.2784
1004.5665
1014.4079
1025.7632
929.6215
956.1172
987.1551
952.33215
969.7436
1035.6044
1027.2771
1014.4079
1102.9791
1126.4469
1113.5775
1144.6154
1218.0464
1180.1953
1228.6448
1296.7765
1279.3651
1248.3273
1317.2161
1361.8802
1321.0012
1340.6837
1393.6752
1332.3564
1337.6556
1380.0487
1339.1698
1317.2161
1350.525
1359.6093
1325.5433
1317.9731
1337.6556
1274.0658
1252.8694
1291.4774
1264.9816
1230.9158
1292.2344
1289.9634
1264.9816
1343.7119
1380.8059
1352.796
1370.9645
1449.6947
1428.4982
1398.2173
1447.4237
1447.4237
1408.8157
1436.8254
1449.6947
1416.3857
1404.2736
1484.5177
1448.1807
1416.3857
1479.9756
1470.8912
1392.9181
1436.0682
1425.47
1332.3564
1336.1416
1383.0769
1304.3467
1241.5139
1301.3186
1289.2063
1231.6727
1289.9634
1303.5897
1265.7388
1281.6361
1319.487
1252.8694
1238.486
1286.1782
1321.7583
1464.8352
1869.0842
2317.2405
2359.6338
2054.5542
1525.3969
1010.62274
887.22833
1047.7168
1137.8022
1228.6448
1380.0487
1425.47
1380.8059
1428.4982
1448.1807
1403.5164
1414.1147
1470.8912
1472.4053
1423.199
1496.63
1501.1721
1430.7692
1483.0037
1488.3027
1425.47
1434.5543
1476.9474
1453.4797
1431.5261
1501.9292
1492.0879
1470.8912
1511.7704
1579.9025
1567.79
1585.2015
1682.1002
1695.7266
1715.409
1840.3175
1857.729
1887.2528
1922.8328
2010.6471
1941.0012
1965.226
2019.7313
1962.1978
1901.6361
1916.0195
1822.906
1717.68
1685.8853
1592.7717
1465.5922
1428.4982
1419.414
1317.2161
1244.5421
1286.1782
1224.1025
1162.7838
1216.5323
1222.5885
1129.475
1142.3444
1204.4199
1148.4004
1138.5592
1218.0464
1194.5787
1174.1392
1248.3273
1271.7948
1255.8975
1265.7388
1337.6556
1291.4774
1280.8792
1330.0854
1314.945
1277.094
1293.7485
1286.9352
1236.9718
1271.0378
1274.0658
1190.0366
1168.8401
1199.1208
1144.6154
1098.437
1138.5592
1127.9609
1056.8009
1084.0537
1128.7179
1077.9976
1087.8387
1164.298
1136.2882
1104.4933
1183.2235
1199.8778
1150.6715
1210.4762
1240.757
1221.0745
1228.6448
1291.4774
1255.1404
1228.6448
1297.5336
1302.0757
1265.7388
1308.1318
1366.4224
1289.9634
1307.3749
1340.6837
1325.5433
1277.094
1325.5433
1289.9634
1226.3735
1235.4579
1274.0658
1194.5787
1184.7374
1194.5787
1131.7461
1099.1942
1142.3444
1143.8583
1092.381
1125.6898
1165.8119
1084.0537
1096.9231
1123.4188
1054.5299
1112.0635
1422.442
1812.3077
2192.332
2391.4285
2073.48
1382.32
1028.7911
1054.5299
1102.9791
1159.7559
1255.8975
1258.1685
1243.0281
1331.5995
1339.1698
1274.0658
1295.2625
1338.4126
1271.7948
1269.5237
1331.5995
1301.3186
1278.608
1320.2441
1349.768
1289.2063
1334.6276
1370.9645
1305.1038
1323.2722
1389.89
1376.2638
1367.9365
1411.0867
1448.1807
1406.5446
1449.6947
1521.6117
1501.9292
1564.762
1623.0526
1620.0244
1625.3236
1738.8767
1758.5592
1714.6521
1758.5592
1770.6716
1691.1844
1656.3615
1691.9414
1585.9585
1446.6666
1417.1428
1320.2441
1208.962
1168.0831
1126.4469
1022.735
1001.5385
1005.32355
945.5189
889.49945
939.46277
919.0232
892.52747
931.8926
920.53723
875.11597
872.0879
931.8926
911.453
882.6862
950.0611
932.64954
881.1722
938.70575
987.9121
907.66785
925.83636
980.3419
918.2662
905.3968
968.22955
956.1172
919.7803
962.1734
983.36993
914.4811
940.2198
984.127
915.9951
923.5653
950.0611
933.4066
907.66785
956.1172
952.33215
894.04156
932.64954
966.7155
911.453
931.8926
978.0708
934.16364
909.9389
982.613
981.0989
926.59344
953.8461
983.36993
931.8926
938.70575
996.99634
971.2576
933.4066
977.31384
976.55676
914.4811
954.6032
1010.62274
934.16364
934.92065
1025.7632
967.47253
953.0891
1031.8193
1037.8754
989.42615
1038.6326
1101.4652
1051.5018
1050.7448
1102.9791
1041.6605
1002.2955
1049.9878
1031.8193
987.9121
1028.7911
1033.3333
934.92065
944.0049
984.127
942.4909
931.8926
992.4542
979.5849
941.7338
978.0708
962.93036
883.44324
956.87427
1240.757
1577.6313
2018.2173
2258.95
1990.2075
1314.188
931.8926
900.85474
908.4249
1049.9878
1086.3248
1049.9878
1065.8851
1157.4847
1140.0732
1113.5775
1156.7277
1171.1111
1134.774
1161.2698
1213.5043
1171.1111
1183.2235
1244.5421
1222.5885
1217.2893
1304.3467
1305.1038
1274.0658
1316.4591
1362.6373
1328.5714
1363.3944
1443.6385
1424.713
1422.442
1519.3406
1552.6497
1534.4811
1592.0146
1701.0258
1676.801
1719.9512
1795.6532
1810.0366
1775.9707
1838.8035
1858.486
1773.6996
1792.6252
1822.149
1683.6143
1622.2955
1616.2393
1462.5641
1368.6935
1352.796
1273.3088
1156.7277
1174.1392
1144.6154
1059.8291
1071.9414
1093.895
1046.9597
1024.249
1084.0537
1081.0256
1034.8474
1087.8387
1128.7179
1080.2687
1096.166
1174.1392
1122.6619
1140.0732
1228.6448
1205.1771
1182.4664
1233.1869
1271.0378
1225.6166
1237.729
1295.2625
1219.5604
1205.1771
1255.1404
1220.3175
1183.2235
1199.1208
1202.1489
1140.8303
1148.4004
1180.9523
1111.3064
1092.381
1137.8022
1107.5214
1057.558
1119.6337
1121.1477
1077.9976
1120.3906
1192.3077
1141.5873
1144.6154
1218.8035
1204.4199
1174.1392
1259.6825
1261.9536
1199.1208
1271.0378
1321.0012
1253.6263
1280.1221
1355.8241
1331.5995
1299.0476
1396.7032
1377.7777
1346.7399
1392.9181
1448.1807
1398.2173
1422.442
1471.6483
1435.3113
1423.199
1476.9474
1456.5079
1386.105
1420.9279
1419.414
1344.4689
1377.0208
1423.956
1329.3284
1283.9072
1342.1978
1317.9731
1229.4017
1278.608
1292.2344
1240.757
1277.094
1333.8705
1319.487
1319.487
1392.9181
1404.2736
1387.619
1446.6666
1465.5922
1414.1147
1463.321
1492.0879
1429.2551
1421.6849
1489.0598
1430.7692
1366.4224
1411.0867
1412.6007
1353.5531
1383.8339
1416.3857
1361.8802
1340.6837
1398.2173
1356.5812
1296.0195
1389.89
1573.8462
1853.1869
2430.0366
2948.5957
2637.4602
1984.1514
1470.8912
1271.7948
1329.3284
1501.1721
1518.5835
1474.6764
1532.21
1589.7437
1592.0146
1593.5288
1627.5947
1585.9585
1573.8462
1604.884
1607.155
1542.8083
1585.9585
1603.37
1563.2479
1548.8644
1595.7998
1561.7339
1549.6215
1592.7717
1605.641
1535.238
1562.491
1607.9122
1584.4446
1631.3798
1716.9231
1713.8951
1740.3907
1836.5323
1868.3273
1877.4115
1953.1135
2028.0585
2010.6471
2048.498
2170.3784
2143.1257
2106.7888
2179.4626
2116.6301
2013.6752
2003.834
1962.9548
1822.149
1749.475
1704.0537
1564.762
1478.4615
1461.807
1389.133
1293.7485
1328.5714
1292.9915
1222.5885
1225.6166
1241.5139
1193.8217
1162.0269
1234.7008
1196.8499
1177.9243
1226.3735
1241.5139
1219.5604
1238.486
1286.1782
1228.6448
1236.9718
1299.0476
1289.2063
1243.7852
1322.5153
1304.3467
1277.094
1297.5336
1343.7119
1283.9072
1292.2344
1343.7119
1311.1599
1253.6263
1319.487
1319.487
1273.3088
1296.0195
1349.768
1289.9634
1310.4028
1347.4968
1312.674
1285.4213
1341.4408
1330.0854
1286.9352
1333.8705
1367.9365
1299.0476
1302.0757
1358.8523
1314.945
1283.1501
1319.487
1320.2441
1271.0378
1304.3467
1321.7583
1264.2246
1282.3931
1333.8705
1289.9634
1269.5237
1340.6837
1331.5995
1265.7388
1352.0391
1361.8802
1291.4774
1328.5714
1373.9927
1326.3004
1314.188
1395.1892
1357.3381
1312.674
1370.9645
1362.6373
1320.2441
1355.8241
1389.133
1349.768
1351.282
1377.7777
1350.525
1315.702
1380.0487
1386.105
1343.7119
1377.0208
1423.199
1373.9927
1377.0208
1444.3955
1433.7972
1398.9742
1467.1062
1479.2185
1411.0867
1452.7228
1450.4518
1389.89
1387.619
1420.1709
1395.1892
1336.1416
1373.9927
1349.768
1289.2063
1316.4591
1356.5812
1316.4591
1305.1038
1367.9365
1331.5995
1277.851
1308.1318
1302.0757
1310.4028
1532.21
1946.3004
2417.924
2702.564
2503.4675
1766.1295
1213.5043
1168.0831
1254.3833
1277.851
1377.0208
1396.7032
1367.9365
1423.956
1450.4518
1422.442
1383.0769
1455.7509
1417.1428
1387.619
1448.1807
1455.7509
1380.8059
1420.1709
1483.7606
1439.8534
1470.8912
1509.4993
1512.5275
1476.9474
1540.5372
1546.5933
1518.5835
1566.276
1629.1086
1628.3517
1626.8376
1716.9231
1728.2784
1749.475
1835.0183
1865.2991
1870.5983
1901.6361
1988.6935
1944.7863
1967.497
1995.5067
1955.3846
1908.4493
1912.9916
1873.6263
1716.9231
1672.2589
1594.2858
1440.6104
1352.796
1343.7119
1234.7008
1141.5873
1150.6715
1109.7925
1041.6605
1073.4554
1104.4933
1031.0623
1031.0623
1077.9976
1059.072
1031.0623
1087.8387
1107.5214
1043.9316
1099.9512
1122.6619
1099.9512
1109.0354
1155.9707
1127.204
1110.5494
1149.9146
1138.5592
1084.8108
1122.6619
1146.8865
1108.2784
1098.437
1151.4286
1120.3906
1095.409
1151.4286
1128.7179
1086.3248
1137.8022
1144.6154
1090.867
1107.5214
1168.8401
1118.8767
1095.409
1175.6532
1156.7277
1102.2222
1165.0549
1153.6996
1115.8485
1114.3346
1152.9426
1098.437
1073.4554
1127.9609
1110.5494
1041.6605
1090.867
1087.0818
1028.7911
1077.2406
1124.1758
1062.1002
1050.7448
1110.5494
1068.1563
1037.8754
1077.2406
1102.9791
1043.9316
1074.2124
1109.0354
1044.6887
1034.8474
1086.3248
1083.2966
1041.6605
1095.409
1090.1099
1040.9036
1068.9133
1116.6056
1053.773
1059.8291
1127.204
1077.2406
1047.7168
1105.2502
1128.7179
1080.2687
1118.1196
1155.9707
1068.9133
1074.2124
1132.503
1075.7266
1022.735
1074.2124
1053.0159
992.4542
1023.4921
1027.2771
940.9768
939.46277
1010.62274
962.1734
975.0428
1035.6044
1035.6044
1002.2955
1056.8009
1087.8387
1040.9036
1074.9694
1236.9718
1467.1062
1865.2991
2333.895
2336.923
1810.7936
1252.8694
913.72406
869.0599
983.36993
1104.4933
1083.2966
1090.1099
1165.8119
1144.6154
1103.7363
1137.8022
1140.0732
1062.8572
1090.1099
1143.1013
1101.4652
1113.5775
1152.9426
1124.1758
1110.5494
1189.2795
1193.0647
1156.7277
1188.5226
1237.729
1205.9341
1193.0647
1268.7667
1264.2246
1247.5702
1340.6837
1388.376
1364.9083
1433.7972
1513.2844
1525.3969
1561.7339
1678.3151
1656.3615
1666.2026
1709.3529
1716.1661
1660.9036
1686.6423
1685.1282
1583.6874
1552.6497
1513.2844
1387.619
1247.5702
1234.7008
1160.5128
1035.6044
1019.707
1009.86566
914.4811
922.8083
952.33215
906.9109
868.3028
935.6777
939.46277
895.55554
928.1074
953.8461
907.66785
932.64954
993.2112
949.304
946.27594
1011.3797
1010.62274
938.70575
983.36993
993.2112
940.2198
959.90234
990.9401
956.1172
905.3968
964.44446
934.92065
878.1441
920.53723
935.6777
884.20026
915.2381
972.01465
921.29425
933.4066
980.3419
972.01465
935.6777
992.4542
1010.62274
972.01465
996.2393
1032.5763
992.4542
989.42615
1049.9878
999.2674
959.90234
1036.3615
1025.7632
974.2857
1009.86566
1045.4457
990.9401
981.0989
1049.2308
1017.4359
1010.62274
1065.8851
1074.9694
1014.4079
1083.2966
1132.503
1062.8572
1089.3529
1135.5311
1119.6337
1099.9512
1187.0085
1183.2235
1142.3444
1192.3077
1219.5604
1153.6996
1167.3259
1213.5043
1140.8303
1101.4652
1160.5128
1149.1575
1079.5116
1087.8387
1116.6056
1087.8387
1112.0635
1187.7656
1140.0732
1120.3906
1172.6252
1144.6154
1089.3529
1146.1294
1254.3833
1435.3113
1867.5703
2294.53
2228.6692
1858.486
1325.5433
938.70575
884.20026
1066.6423
1174.1392
1183.9805
1256.6544
1325.5433
1271.0378
1271.7948
1339.9268
1333.1135
1304.3467
1377.7777
1414.1147
1383.8339
1434.5543
1488.3027
1450.4518
1473.9194
1561.7339
1545.8363
1526.1538
1582.9304
1620.7814
1570.8181
1607.9122
1682.8572
1654.8474
1682.8572
1785.812
1755.5313
1779.7559
1854.7009
1931.917
1888.7667
1996.2638
2027.3015
2025.0306
2040.1709
2121.9292
2082.5642
2043.1991
2089.3774
2022.7594
1917.5337
1899.3651
1856.2148
1740.3907
1640.4641
1594.2858
1470.8912
1365.6654
1377.0208
1327.8143
1230.9158
1246.8132
1252.8694
1184.7374
1205.1771
1233.1869
1187.7656
1155.2137
1231.6727
1231.6727
1192.3077
1234.7008
1252.1123
1228.6448
1249.8412
1292.9915
1265.7388
1252.8694
1331.5995
1328.5714
1292.9915
1356.5812
1362.6373
1308.1318
1352.796
1383.8339
1339.9268
1325.5433
1343.7119
1332.3564
1283.1501
1325.5433
1323.2722
1258.9255
1305.8607
1324.0293
1281.6361
1263.4677
1324.0293
1302.8328
1262.7106
1320.2441
1336.8987
1277.851
1314.188
1344.4689
1296.0195
1292.2344
1338.4126
1296.0195
1277.094
1320.2441
1327.8143
1271.7948
1296.0195
1336.1416
1268.7667
1267.2527
1329.3284
1289.2063
1271.0378
1319.487
1319.487
1274.0658
1323.2722
1355.8241
1314.188
1335.3846
1392.9181
1377.7777
1362.6373
1417.1428
1420.9279
1358.8523
1374.7496
1385.348
1320.2441
1326.3004
1373.2356
1302.0757
1261.9536
1283.1501
1271.7948
1259.6825
1283.9072
1310.4028
1243.0281
1280.1221
1291.4774
1231.6727
1174.1392
1289.9634
1447.4237
1757.0452
2300.586
2615.5066
2271.8193
1691.1844
1230.1587
1077.2406
1160.5128
1292.2344
1280.8792
1268.0098
1343.7119
1371.7217
1332.3564
1352.0391
1389.89
1344.4689
1350.525
1434.5543
1389.133
1349.768
1419.414
1437.5824
1380.8059
1422.442
1478.4615
1426.227
1432.2833
1495.116
1508.7423
1471.6483
1555.6776
1573.8462
1519.3406
1574.6031
1635.1649
1609.4261
1658.6326
1729.0355
1726.0073
1740.3907
1818.3639
1865.2991
1825.1771
1876.6545
1935.702
1861.514
1864.5421
1881.9536
1823.663
1712.381
1710.867
1640.4641
1474.6764
1443.6385
1389.133
1279.3651
1220.3175
1210.4762
1132.503
1090.867
1137.8022
1096.166
1029.5483
1072.6984
1089.3529
1037.1184
1047.7168
1103.7363
1059.072
1029.5483
1099.9512
1090.1099
1055.2869
1119.6337
1143.8583
1063.6141
1109.7925
1156.7277
1090.1099
1096.166
1155.9707
1117.3627
1071.1844
1131.7461
1146.1294
1062.8572
1099.9512
1149.9146
1081.7827
1089.3529
1129.475
1102.2222
1074.2124
1125.6898
1111.3064
1065.1282
1111.3064
1157.4847
1110.5494
1099.1942
1164.298
1136.2882
1096.166
1137.8022
1152.9426
1109.0354
1137.8022
1149.9146
1095.409
1084.0537
1152.9426
1093.138
1062.1002
1113.5775
1108.2784
1062.1002
1077.9976
1122.6619
1053.773
1070.4272
1120.3906
1086.3248
1074.9694
1120.3906
1120.3906
1074.2124
1126.4469
1163.5409
1108.2784
1129.475
1177.9243
1152.9426
1141.5873
1216.5323
1209.7192
1155.9707
1183.9805
1180.1953
1105.2502
1121.1477
1177.9243
1123.4188
1090.1099
1105.2502
1056.8009
992.4542
1059.072
1084.0537
1026.5201
1046.2026
1098.437
1031.8193
1007.5946
1050.7448
1025.7632
1053.0159
1323.2722
1737.3627
2091.6484
2249.8657
1980.3663
1340.6837
895.55554
907.66785
971.2576
995.4823
1049.9878
1077.9976
1060.586
1106.7643
1137.8022
1080.2687
1059.072
1110.5494
1101.4652
1071.9414
1140.8303
1142.3444
1116.6056
1167.3259
1214.2614
1168.8401
1180.1953
1238.486
1228.6448
1225.6166
1276.337
1286.9352
1265.7388
1325.5433
1375.5066
1337.6556
1368.6935
1473.9194
1454.2368
1448.9376
1537.509
1582.9304
1543.5653
1631.3798
1684.3712
1628.3517
1653.3334
1713.8951
1670.7449
1616.2393
1630.6228
1592.0146
1476.9474
1414.1147
1377.0208
1211.2332
1174.1392
1149.9146
1053.0159
968.9866
1001.5385
961.4164
895.55554
922.8083
914.4811
891.0134
903.12573
950.0611
899.3407
895.55554
937.9487
925.83636
897.06964
959.90234
980.3419
919.7803
944.0049
1001.5385
938.70575
956.1172
1006.8376
966.7155
933.4066
998.5104
989.42615
947.03296
962.93036
1033.3333
992.4542
982.613
1046.9597
1016.67896
969.7436
1034.8474
1017.4359
966.7155
1023.4921
1050.7448
1000.0244
1007.5946
1053.0159
1028.7911
993.2112
1053.0159
1053.0159
1005.32355
1034.8474
1065.1282
1028.7911
1036.3615
1083.2966
1037.8754
1008.3517
1077.9976
1084.8108
1037.1184
1077.9976
1102.2222
1044.6887
1068.1563
1107.5214
1068.9133
1043.1747
1109.0354
1092.381
1047.7168
1099.9512
1136.2882
1086.3248
1096.9231
1132.503
1102.2222
1107.5214
1156.7277
1165.8119
1126.4469
1221.0745
1237.729
1183.9805
1213.5043
1259.6825
1196.0928
1157.4847
1234.7008
1192.3077
1137.8022
1190.0366
1199.1208
1102.2222
1110.5494
1135.5311
1111.3064
1122.6619
1147.6434
1119.6337
1084.8108
1149.9146
1147.6434
1083.2966
1089.3529
1196.0928
1373.9927
1719.9512
2211.2578
2338.437
1935.702
1374.7496
988.66907
919.7803
1014.4079
1144.6154
1114.3346
1108.2784
1201.392
1174.8962
1132.503
1193.0647
1214.2614
1153.6996
1190.7936
1240
1180.1953
1190.7936
1274.0658
1237.729
1213.5043
1302.8328
1299.0476
1271.0378
1301.3186
1351.282
1302.0757
1326.3004
1392.9181
1405.0305
1387.619
1467.8632
1508.7423
1483.7606
1561.7339
1616.9965
1606.3981
1672.2589
1723.7363
1716.9231
1707.0818
1771.4286
1763.1013
1707.8389
1727.5214
1737.3627
1610.1832
1567.79
1528.4248
1398.2173
1289.2063
1233.1869
1135.5311
1031.8193
1041.6605
1005.32355
906.9109
919.7803
934.92065
895.55554
891.0134
947.79
954.6032
917.50916
981.85596
1002.2955
972.01465
1022.735
1070.4272
1037.8754
1031.0623
1100.7081
1090.1099
1046.9597
1095.409
1104.4933
1059.072
1089.3529
1112.8206
1052.2588
1033.3333
1087.0818
1067.3993
1028.7911
1074.2124
1062.1002
1040.9036
1060.586
1087.0818
1040.9036
1042.4175
1102.2222
1102.9791
1076.4835
1140.0732
1123.4188
1077.9976
1140.8303
1150.6715
1108.2784
1132.503
1180.1953
1134.774
1117.3627
1150.6715
1138.5592
1098.437
1143.8583
1199.8778
1145.3724
1151.4286
1205.1771
1155.2137
1137.8022
1193.0647
1189.2795
1126.4469
1185.4945
1204.4199
1140.8303
1187.0085
1232.4297
1187.0085
1176.4102
1233.1869
1228.6448
1183.2235
1223.3455
1245.2991
1222.5885
1228.6448
1286.9352
1241.5139
1234.7008
1313.431
1277.094
1245.2991
1313.431
1312.674
1271.0378
1281.6361
1302.0757
1253.6263
1239.2429
1283.9072
1234.7008
1180.1953
1240.757
1231.6727
1199.1208
1230.9158
1264.2246
1217.2893
1218.0464
1265.7388
1230.1587
1146.1294
1258.9255
1417.1428
1676.801
2061.3674
2332.381
2095.4336
1586.7156
1162.7838
1000.0244
1014.4079
1177.1672
1258.9255
1235.4579
1296.0195
1341.4408
1289.9634
1302.8328
1336.1416
1330.0854
1294.5055
1355.0671
1344.4689
1315.702
1367.1796
1418.6569
1367.1796
1389.133
1478.4615
1433.7972
1425.47
1480.7325
1501.1721
1441.3676
1501.1721
1532.21
1501.1721
1523.1257
1623.8096
1599.585
1613.2113
1705.5679
1738.1198
1737.3627
1798.6814
1870.5983
1828.2051
1850.1587
1928.132
1852.4298
1834.2614
1849.4017
1819.1208
1710.11
1680.586
1625.3236
1489.0598
1417.1428
1416.3857
1314.945
1274.0658
1268.7667
1206.691
1149.9146
1171.868
1156.7277
1102.2222
1128.7179
1148.4004
1111.3064
1099.9512
1155.9707
1141.5873
1107.5214
1168.8401
1193.8217
1137.8022
1192.3077
1233.1869
1180.9523
1199.8778
1252.8694
1229.4017
1188.5226
1253.6263
1284.6642
1229.4017
1271.0378
1289.9634
1252.8694
1252.8694
1317.9731
1280.1221
1241.5139
1313.431
1327.0574
1264.9816
1289.2063
1328.5714
1280.8792
1288.4493
1350.525
1308.1318
1319.487
1344.4689
1347.4968
1314.188
1355.8241
1401.2454
1343.7119
1362.6373
1411.8436
1380.8059
1375.5066
1430.7692
1422.442
1398.2173
1443.6385
1460.2931
1401.2454
1414.8718
1483.0037
1414.1147
1383.8339
1429.2551
1434.5543
1405.0305
1434.5543
1453.4797
1398.2173
1414.8718
1476.9474
1417.1428
1416.3857
1464.8352
1440.6104
1425.47
1476.9474
1492.0879
1457.2649
1511.0134
1544.3223
1534.4811
1507.9854
1579.9025
1511.0134
1470.8912
1545.0793
1535.238
1492.0879
1495.8729
1543.5653
1434.5543
1422.442
1483.0037
1436.8254
1414.8718
1483.0037
1459.536
1411.0867
1440.6104
1492.0879
1417.8999
1376.2638
1507.2283
1664.6887
1949.3284
2395.2136
2647.3015
2294.53
1722.2222
1320.2441
1205.9341
1301.3186
1424.713
1436.0682
1434.5543
1514.0414
1519.3406
1486.0316
1528.4248
1545.8363
1486.0316
1504.9572
1568.547
1529.1819
1498.901
1571.5752
1598.8279
1649.5483
1725.2504
1694.9695
1532.9669
1470.8912
1525.3969
1535.9951
1545.8363
1616.9965
1637.4359
1598.8279
1634.4078
1667.7168
1640.4641
1669.2308
1737.3627
1743.4188
1733.5776
1812.3077
1847.8877
1819.1208
1869.8413
1897.8511
1844.1027
1849.4017
1891.0378
1807.7656
1738.1198
1754.0171
1643.4921
1509.4993
1495.8729
1444.3955
1323.2722
1298.2906
1299.0476
1214.2614
1183.9805
1230.9158
1183.2235
1132.503
1184.7374
1191.5507
1132.503
1174.8962
1201.392
1143.8583
1147.6434
1216.5323
1187.0085
1166.569
1208.2051
1199.1208
1173.3822
1208.2051
1263.4677
1210.4762
1213.5043
1289.2063
1241.5139
1224.1025
1286.9352
1298.2906
1242.2711
1308.1318
1305.1038
1252.8694
1277.094
1316.4591
1280.1221
1250.5983
1322.5153
1321.7583
1283.1501
1311.1599
1337.6556
1293.7485
1284.6642
1337.6556
1295.2625
1289.2063
1323.2722
1310.4028
1263.4677
1305.1038
1334.6276
1256.6544
1292.2344
1357.3381
1207.4481
1220.3175
1158.9988
1192.3077
1240.757
1187.0085
1176.4102
1240.757
1227.1306
1182.4664
1219.5604
1240.757
1190.0366
1208.962
1246.0562
1193.0647
1188.5226
1226.3735
1208.2051
1190.0366
1241.5139
1244.5421
1206.691
1214.2614
1247.5702
1217.2893
1222.5885
1264.9816
1259.6825
1198.3639
1250.5983
1246.8132
1228.6448
1241.5139
1280.1221
1223.3455
1229.4017
1292.2344
1229.4017
1216.5323
1274.0658
1268.0098
1222.5885
1266.4957
1277.851
1229.4017
1223.3455
1289.2063
1278.608
1249.8412
1296.0195
1295.2625
1228.6448
1277.094
1325.5433
1249.0842
1261.9536
1317.2161
1268.7667
1246.0562
1292.9915
1295.2625
1249.0842
1298.2906
1316.4591
1250.5983
1293.7485
1355.8241
1302.0757
1301.3186
1362.6373
1347.4968
1302.0757
1373.9927
1428.4982
1368.6935
1364.1514
1428.4982
1370.9645
1332.3564
1392.1611
1372.4786
1331.5995
1355.8241
1340.6837
1254.3833
1259.6825
1330.0854
1271.0378
1250.5983
1322.5153
1296.7765
1241.5139
1302.8328
1287.6923
1242.2711
1338.4126
1580.6594
1877.4115
2242.2954
2430.0366
2111.331
1458.7789
1122.6619
1099.1942
1136.2882
1268.0098
1338.4126
1324.0293
1335.3846
1407.3015
1355.8241
1325.5433
1356.5812
1364.9083
1323.2722
1377.0208
1413.3578
1352.0391
1365.6654
1432.2833
1402.0024
1380.8059
1473.9194
1473.9194
1417.1428
1483.7606
1529.1819
1481.4895
1516.3125
1581.4164
1573.8462
1547.3505
1646.5201
1654.8474
1652.5763
1709.3529
1767.6434
1782.7838
1822.149
1868.3273
1869.0842
1853.9438
1904.6643
1909.9634
1828.9622
1838.0464
1858.486
1722.9792
1688.9133
1635.1649
1515.5555
1415.6288
1416.3857
1331.5995
1223.3455
1230.1587
1208.2051
1120.3906
1140.8303
1159.7559
1102.2222
1083.2966
1130.989
1107.5214
1062.8572
1121.1477
1134.0171
1090.1099
1102.2222
1155.9707
1113.5775
1096.166
1165.8119
1151.4286
1105.2502
1156.7277
1176.4102
1118.1196
1155.9707
1204.4199
1114.3346
1110.5494
1177.9243
1155.9707
1108.2784
1180.1953
1192.3077
1116.6056
1151.4286
1191.5507
1146.8865
1134.0171
1198.3639
1175.6532
1120.3906
1183.2235
1177.1672
1114.3346
1172.6252
1202.1489
1147.6434
1146.8865
1198.3639
1183.2235
1144.6154
1199.1208
1184.7374
1130.989
1149.9146
1195.3357
1146.8865
1149.9146
1205.9341
1151.4286
1127.204
1182.4664
1184.7374
1143.8583
1194.5787
1195.3357
1150.6715
1186.2515
1217.2893
1194.5787
1158.2417
1223.3455
1216.5323
1177.9243
1221.0745
1259.6825
1183.2235
1216.5323
1252.1123
1219.5604
1211.9902
1277.094
1274.823
1246.8132
1296.0195
1315.702
1249.0842
1265.7388
1301.3186
1252.8694
1234.7008
1290.7203
1254.3833
1208.962
1234.7008
1222.5885
1168.0831
1202.1489
1246.8132
1192.3077
1199.8778
1246.0562
1208.962
1154.4567
1180.9523
1207.4481
1286.9352
1604.1271
2046.2272
2234.7253
2137.0698
1689.6703
1126.4469
892.52747
1021.978
1119.6337
1129.475
1230.1587
1264.9816
1234.7008
1236.9718
1298.2906
1261.9536
1220.3175
1289.2063
1277.094
1236.9718
1277.851
1297.5336
1239.2429
1255.8975
1325.5433
1280.8792
1264.9816
1334.6276
1329.3284
1277.851
1349.011
1392.9181
1361.1233
1416.3857
1467.8632
1464.8352
1456.5079
1555.6776
1592.7717
1567.79
1651.8193
1726.7643
1714.6521
1726.0073
1785.0549
1744.1758
1766.1295
1816.0929
1779.7559
1685.1282
1713.138
1629.1086
1501.9292
1438.3394
1404.2736
1281.6361
1196.0928
1184.7374
1107.5214
1016.67896
1049.9878
1028.7911
962.93036
962.1734
987.1551
949.304
928.8645
977.31384
956.87427
908.4249
977.31384
981.0989
934.92065
950.81805
996.99634
954.6032
968.22955
1025.7632
995.4823
938.70575
1001.5385
1005.32355
959.90234
998.5104
1035.6044
959.1453
964.44446
1015.16486
998.5104
957.6313
1008.3517
1007.5946
949.304
980.3419
1000.0244
938.70575
950.81805
1019.707
981.0989
951.5751
1016.67896
1000.0244
932.64954
987.1551
1014.4079
953.0891
956.87427
1023.4921
984.88403
958.38824
1016.67896
1010.62274
992.4542
1004.5665
1036.3615
977.31384
986.3981
1034.8474
986.3981
962.93036
1023.4921
1008.3517
986.3981
1027.2771
1034.8474
965.2015
993.96826
1029.5483
1012.8938
966.7155
1025.7632
1009.86566
983.36993
1034.0905
1040.1465
996.2393
1014.4079
1065.8851
1043.9316
1017.4359
1090.867
1074.9694
1046.9597
1108.2784
1143.8583
1087.0818
1143.8583
1137.0452
1089.3529
1068.9133
1120.3906
1105.2502
1049.2308
1099.1942
1082.5397
993.2112
1016.67896
1044.6887
1012.1367
1007.5946
1073.4554
1044.6887
1028.7911
1048.4738
1035.6044
971.2576
1089.3529
1324.7863
1632.1368
2013.6752
2212.0146
1906.9353
1249.8412
899.3407
866.03174
889.49945
1023.4921
1096.166
1072.6984
1110.5494
1166.569
1140.8303
1118.8767
1187.0085
1174.8962
1134.774
1186.2515
1211.9902
1168.0831
1186.2515
1271.0378
1234.7008
1222.5885
1281.6361
1295.2625
1246.0562
1319.487
1356.5812
1327.0574
1346.7399
1434.5543
1392.9181
1425.47
1507.9854
1495.8729
1507.2283
1599.585
1629.1086
1610.9402
1685.8853
1767.6434
1723.7363
1749.475
1811.5508
1779.7559
1729.0355
1769.9146
1785.812
1647.2772
1616.2393
1580.6594
1452.7228
1370.9645
1335.3846
1249.8412
1177.1672
1176.4102
1134.0171
1056.044
1065.8851
1096.9231
1031.8193
1026.5201
1077.2406
1056.044
1025.7632
1063.6141
1077.2406
1028.7911
1074.9694
1111.3064
1071.1844
1092.381
1141.5873
1121.9048
1089.3529
1156.7277
1184.7374
1122.6619
1174.8962
1222.5885
1150.6715
1153.6996
1207.4481
1176.4102
1143.1013
1188.5226
1202.906
1135.5311
1186.2515
1205.9341
1137.8022
1146.1294
1198.3639
1174.1392
1149.9146
1221.0745
1187.0085
1143.8583
1186.2515
1223.3455
1177.1672
1198.3639
1232.4297
1186.2515
1172.6252
1252.8694
1236.9718
1183.9805
1257.4115
1256.6544
1202.906
1226.3735
1283.9072
1229.4017
1217.2893
1289.9634
1272.5519
1217.2893
1271.7948
1298.2906
1246.8132
1274.0658
1303.5897
1259.6825
1261.9536
1330.0854
1310.4028
1280.8792
1361.8802
1387.619
1331.5995
1370.9645
1413.3578
1375.5066
1341.4408
1382.32
1367.9365
1301.3186
1350.525
1386.105
1313.431
1295.2625
1320.2441
1289.2063
1301.3186
1341.4408
1314.945
1271.7948
1340.6837
1308.1318
1255.8975
1286.1782
1324.7863
1398.2173
1684.3712
2137.0698
2409.597
2318.7546
1878.1685
1276.337
980.3419
1043.9316
1180.1953
1187.7656
1240.757
1355.8241
1320.2441
1302.0757
1370.9645
1367.9365
1346.7399
1407.3015
1464.8352
1400.4884
1437.5824
1519.3406
1495.116
1486.0316
1546.5933
1537.509
1513.2844
1545.8363
1585.9585
1547.3505
1596.5568
1635.1649
1606.3981
1592.7717
1694.9695
1702.5397
1662.4176
1749.475
1825.1771
1800.9524
1843.3456
1919.0476
1906.9353
1884.9818
1977.3381
1965.226
1919.0476
1981.1233
1956.1416
1871.3553
1847.1306
1822.906
1725.2504
1637.4359
1616.2393
1516.3125
1425.47
1428.4982
1378.5348
1300.5616
1291.4774
1316.4591
1223.3455
1226.3735
1283.9072
1261.9536
1242.2711
1277.094
1286.1782
1227.8876
1268.0098
1314.945
1252.8694
1261.9536
1331.5995
1276.337
1271.0378
1293.7485
1296.7765
1238.486
1298.2906
1327.8143
1274.823
1282.3931
1340.6837
1295.2625
1279.3651
1343.7119
1337.6556
1277.094
1302.0757
1345.2258
1286.9352
1314.945
1344.4689
1316.4591
1296.7765
1380.0487
1398.2173
1344.4689
1399.7314
1437.5824
1416.3857
1422.442
1501.1721
1439.8534
1446.6666
1505.7144
1483.7606
1436.8254
1486.7887
1507.9854
1470.8912
1462.5641
1489.8168
1455.7509
1437.5824
1487.5458
1434.5543
1353.5531
1380.0487
1392.9181
1342.1978
1347.4968
1378.5348
1345.2258
1343.7119
1407.3015
1392.9181
1362.6373
1408.0585
1440.6104
1389.133
1411.0867
1487.5458
1428.4982
1398.2173
1458.7789
1434.5543
1356.5812
1398.2173
1398.2173
1322.5153
1343.7119
1380.0487
1308.1318
1313.431
1349.768
1308.8889
1254.3833
1269.5237
1331.5995
1405.0305
1729.0355
2177.9487
2330.1099
2188.5469
1764.6154
1210.4762
984.127
1071.9414
1140.8303
1141.5873
1199.8778
1253.6263
1245.2991
1235.4579
1295.2625
1249.8412
1208.2051
1302.8328
1280.8792
1271.0378
1304.3467
1336.8987
1306.6178
1343.7119
1374.7496
1341.4408
1327.0574
1380.8059
1402.7594
1344.4689
1414.8718
1424.713
1389.133
1434.5543
1513.2844
1487.5458
1474.6764
1579.9025
1596.5568
1571.5752
1670.7449
1741.9048
1719.1942
1752.503
1814.5787
1770.6716
1738.8767
1763.8584
1726.0073
1649.5483
1639.7069
1588.2295
1461.807
1425.47
1386.862
1259.6825
1189.2795
1213.5043
1145.3724
1065.1282
1087.0818
1077.2406
1001.5385
1031.8193
1068.1563
1009.10864
1011.3797
1062.8572
1047.7168
1017.4359
1103.7363
1131.7461
1098.437
1144.6154
1218.8035
1176.4102
1171.868
1255.8975
1224.8596
1207.4481
1254.3833
1245.2991
1177.9243
1217.2893
1249.8412
1192.3077
1185.4945
1230.9158
1193.0647
1180.1953
1221.8314
1214.2614
1152.1855
1183.9805
1213.5043
1146.1294
1168.8401
1216.5323
1174.8962
1145.3724
1240
1232.4297
1202.1489
1243.7852
1283.9072
1226.3735
1254.3833
1300.5616
1277.094
1263.4677
1319.487
1296.0195
1272.5519
1307.3749
1331.5995
1274.0658
1298.2906
1335.3846
1274.823
1249.0842
1299.8046
1271.7948
1234.7008
1289.2063
1328.5714
1259.6825
1299.0476
1372.4786
1334.6276
1326.3004
1383.8339
1407.3015
1377.7777
1436.0682
1422.442
1355.8241
1399.7314
1395.9463
1335.3846
1327.0574
1362.6373
1349.768
1301.3186
1294.5055
1296.0195
1243.7852
1280.8792
1331.5995
1286.1782
1259.6825
1317.2161
1292.2344
1241.5139
1272.5519
1326.3004
1467.1062
1825.1771
2242.2954
2348.2783
2110.5737
1607.155
1144.6154
1040.9036
1155.9707
1255.8975
1234.7008
1292.2344
1367.9365
1328.5714
1317.2161
1380.0487
1350.525
1340.6837
1398.9742
1428.4982
1380.0487
1420.1709
1481.4895
1436.0682
1458.7789
1507.2283
1474.6764
1462.5641
1540.5372
1526.1538
1477.7045
1522.3687
1559.4628
1514.0414
1561.7339
1620.0244
1611.6971
1604.884
1713.138
1722.9792
1723.7363
1819.1208
1882.7107
1838.0464
1875.1404
1970.525
1944.7863
1919.0476
1946.3004
1925.1038
1828.2051
1810.0366
1779.7559
1637.4359
1572.3322
1511.0134
1398.2173
1319.487
1321.7583
1253.6263
1200.635
1213.5043
1222.5885
1135.5311
1150.6715
1187.7656
1153.6996
1133.26
1180.9523
1144.6154
1118.1196
1171.868
1183.2235
1133.26
1144.6154
1204.4199
1168.0831
1150.6715
1208.962
1177.9243
1152.9426
1219.5604
1217.2893
1150.6715
1186.2515
1233.1869
1183.2235
1162.0269
1211.2332
1198.3639
1165.0549
1214.2614
1224.8596
1156.7277
1192.3077
1251.3553
1190.0366
1192.3077
1241.5139
1214.2614
1180.1953
1232.4297
1221.0745
1174.8962
1228.6448
1244.5421
1184.7374
1205.9341
1238.486
1202.906
1194.5787
1247.5702
1222.5885
1165.0549
1207.4481
1225.6166
1174.1392
1180.9523
1220.3175
1183.2235
1156.7277
1243.7852
1224.1025
1181.7094
1222.5885
1229.4017
1168.8401
1204.4199
1241.5139
1204.4199
1184.7374
1274.0658
1243.0281
1207.4481
1278.608
1302.0757
1267.2527
1282.3931
1314.188
1241.5139
1228.6448
1277.851
1277.094
1214.2614
1247.5702
1229.4017
1146.8865
1153.6996
1198.3639
1165.8119
1153.6996
1199.1208
1165.0549
1128.7179
1174.8962
1165.8119
1077.2406
1155.9707
1317.2161
1610.1832
2006.8619
2313.4553
2161.2942
1570.8181
1097.68
956.1172
962.1734
1075.7266
1137.8022
1099.9512
1125.6898
1186.2515
1174.1392
1134.774
1187.0085
1216.5323
1152.9426
1187.0085
1230.1587
1171.1111
1192.3077
1246.8132
1213.5043
1207.4481
1248.3273
1247.5702
1214.2614
1257.4115
1308.1318
1246.8132
1277.851
1349.768
1331.5995
1328.5714
1403.5164
1431.5261
1402.0024
1483.0037
1535.9951
1504.9572
1556.4347
1646.5201
1609.4261
1625.3236
1677.5581
1688.9133
1640.4641
1655.6045
1616.9965
1514.7985
1441.3676
1411.0867
1282.3931
1196.0928
1177.1672
1096.9231
975.0428
973.5287
941.7338
866.7888
889.49945
881.9292
828.93774
806.98413
868.3028
816.8254
789.57263
831.2088
853.1624
802.442
842.5641
859.2186
823.6386
790.3297
862.24664
847.1062
796.38586
872.0879
863.00366
821.36755
853.1624
884.20026
847.8633
832.72284
892.52747
858.46155
823.6386
884.20026
883.44324
838.77905
866.03174
893.2845
835.7509
841.8071
904.63983
859.9756
836.508
891.7705
879.6581
822.8816
889.49945
887.22833
840.293
849.3773
900.85474
866.7888
847.1062
895.55554
884.9573
832.72284
892.52747
891.7705
844.0782
849.3773
899.3407
856.1905
847.1062
897.8266
889.49945
834.9939
895.55554
927.35046
844.83514
860.7326
908.4249
883.44324
849.3773
904.63983
895.55554
838.022
891.0134
895.55554
853.91943
889.49945
939.46277
893.2845
882.6862
960.6593
937.9487
908.4249
976.55676
1005.32355
953.8461
968.9866
1005.32355
938.70575
932.64954
1010.62274
953.8461
915.9951
941.7338
911.453
859.2186
877.387
918.2662
891.0134
875.87305
928.8645
901.61176
889.49945
916.75214
889.49945
866.03174
1058.3151
1398.2173
1755.5313
2038.657
1975.8242
1458.7789
841.8071
710.08545
753.9927
795.62885
884.20026
944.0049
899.3407
904.63983
962.93036
921.29425
901.61176
968.22955
947.79
906.1539
959.1453
990.18317
938.70575
1001.5385
1046.9597
1025.7632
1030.3053
1083.2966
1089.3529
1087.0818
1144.6154
1180.1953
1149.9146
1195.3357
1268.0098
1243.7852
1280.8792
1387.619
1392.1611
1382.32
1470.8912
1504.9572
1501.1721
1532.21
1583.6874
1538.2662
1561.7339
1589.7437
1575.3602
1514.7985
1522.3687
1476.9474
1367.9365
1310.4028
1265.7388
1156.7277
1066.6423
1049.9878
962.93036
896.3126
911.453
881.1722
811.5263
805.4701
835.7509
788.8157
772.16113
823.6386
803.9561
786.54456
816.8254
814.5543
762.3199
797.1429
847.1062
795.62885
802.442
853.91943
849.3773
816.8254
865.2747
869.81683
847.1062
876.63007
909.18195
822.8816
814.5543
871.33093
832.72284
792.60077
844.0782
843.32117
797.1429
805.4701
855.4335
804.7131
799.41394
866.03174
819.85345
812.28326
889.49945
887.22833
834.9939
883.44324
916.75214
856.1905
859.9756
919.0232
883.44324
862.24664
944.0049
908.4249
864.51776
914.4811
954.6032
878.1441
899.3407
951.5751
920.53723
898.5837
951.5751
950.81805
907.66785
962.93036
1007.5946
932.64954
965.2015
1033.3333
990.9401
982.613
1050.7448
1043.9316
998.5104
1062.1002
1087.0818
1065.8851
1065.1282
1102.2222
1071.1844
1044.6887
1077.2406
1056.8009
1012.1367
1059.072
1053.773
1010.62274
1006.0806
1015.9218
993.2112
1012.1367
1056.044
1034.0905
1013.65076
1061.343
1061.343
1005.32355
1016.67896
1127.9609
1255.1404
1604.884
2040.1709
2179.4626
1928.8889
1426.227
961.4164
793.3578
899.3407
1035.6044
1056.044
1101.4652
1201.392
1183.9805
1183.2235
1222.5885
1229.4017
1193.0647
1252.8694
1292.2344
1251.3553
1271.7948
1352.796
1296.0195
1301.3186
1372.4786
1386.105
1336.1416
1391.4042
1439.0964
1379.2917
1426.9841
1489.0598
1479.9756
1459.536
1539.7802
1592.0146
1544.3223
1624.5665
1682.1002
1662.4176
1719.1942
1802.4664
1816.8499
1829.7192
1877.4115
1870.5983
1846.3737
1868.3273
1883.4677
1797.1674
1810.0366
1759.3162
1639.7069
1550.3785
1567.79
1475.4335
1380.8059
1401.2454
1380.8059
1277.851
1277.094
1296.7765
1228.6448
1234.7008
1293.7485
1238.486
1185.4945
1245.2991
1261.1967
1210.4762
1240.757
1292.2344
1257.4115
1247.5702
1319.487
1289.9634
1277.094
1345.2258
1373.9927
1302.0757
1327.8143
1404.2736
1343.7119
1343.7119
1398.9742
1377.0208
1350.525
1414.8718
1408.0585
1373.9927
1408.0585
1446.6666
1377.7777
1393.6752
1432.2833
1402.0024
1389.89
1452.7228
1454.2368
1413.3578
1439.8534
1486.7887
1437.5824
1452.7228
1479.2185
1459.536
1458.7789
1498.144
1495.8729
1447.4237
1513.2844
1534.4811
1496.63
1494.3589
1538.2662
1503.4431
1477.7045
1561.7339
1529.1819
1480.7325
1529.1819
1576.8743
1513.2844
1540.5372
1570.061
1543.5653
1549.6215
1596.5568
1601.0989
1545.8363
1595.0428
1604.884
1541.2942
1592.0146
1628.3517
1604.1271
1583.6874
1643.4921
1634.4078
1592.7717
1672.2589
1679.072
1645.7632
1691.9414
1767.6434
1683.6143
1677.5581
1731.3065
1713.138
1658.6326
1698.7546
1709.3529
1656.3615
1664.6887
1688.9133
1597.3138
1634.4078
1673.016
1663.1747
1607.155
1668.4739
1682.8572
1616.2393
1612.4543
1623.0526
1624.5665
1796.4103
2182.4907
2685.1526
3045.4944
2903.1746
2149.182
1530.6959
1416.3857
1518.5835
1568.547
1623.0526
1713.138
1671.5018
1660.9036
1743.4188
1737.3627
1701.0258
1732.0635
1776.7278
1734.3346
1735.0916
1822.149
1788.8401
1747.204
1831.2333
1806.2515
1759.3162
1823.663
1850.1587
1807.7656
1852.4298
1892.5519
1876.6545
1884.2246
1962.1978
1947.0574
1961.4408
2013.6752
2065.1526
2070.4517
2092.4053
2226.398
2207.4727
2199.9023
2295.2869
2306.6423
2249.1086
2292.2588
2336.923
2250.6228
2207.4727
2201.4163
2097.7043
1980.3663
1922.8328
1816.8499
1725.2504
1674.5299
1648.0342
1517.8265
1525.3969
1522.3687
1432.2833
1446.6666
1453.4797
1425.47
1380.0487
1432.2833
1434.5543
1404.2736
1446.6666
1473.9194
1428.4982
1437.5824
1462.5641
1432.2833
1402.0024
1447.4237
1461.05
1425.47
1470.8912
1498.144
1435.3113
1464.8352
1489.8168
1447.4237
1430.0122
1486.0316
1471.6483
1434.5543
1475.4335
1491.3308
1446.6666
1470.8912
1488.3027
1444.3955
1431.5261
1498.144
1483.0037
1426.227
1468.6202
1492.0879
1433.0403
1443.6385
1483.0037
1449.6947
1420.1709
1489.0598
1459.536
1405.0305
1440.6104
1475.4335
1428.4982
1423.956
1476.9474
1414.8718
1389.89
1449.6947
1432.2833
1386.862
1426.227
1438.3394
1398.2173
1428.4982
1466.3491
1395.9463
1377.7777
1446.6666
1411.0867
1398.2173
1429.2551
1422.442
1374.7496
1388.376
1423.199
1362.6373
1377.0208
1423.956
1396.7032
1342.1978
1417.8999
1411.0867
1399.7314
1422.442
1456.5079
1436.0682
1437.5824
1489.8168
1476.9474
1429.2551
1496.63
1479.9756
1416.3857
1437.5824
1484.5177
1428.4982
1398.9742
1426.227
1382.32
1336.1416
1389.89
1405.0305
1353.5531
1391.4042
1423.199
1380.0487
1377.0208
1393.6752
1340.6837
1368.6935
1637.4359
1945.5435
2336.923
2561.001
2297.558
1607.155
1143.8583
1125.6898
1182.4664
1255.1404
1353.5531
1367.1796
1352.796
1401.2454
1420.1709
1367.9365
1377.0208
1422.442
1393.6752
1393.6752
1450.4518
1458.7789
1391.4042
1476.9474
1489.0598
1426.227
1446.6666
1516.3125
1461.807
1471.6483
1543.5653
1527.6678
1488.3027
1556.4347
1604.1271
1576.8743
1604.884
1693.4554
1662.4176
1704.0537
1793.3822
1785.812
1767.6434
1848.6448
1909.9634
1849.4017
1882.7107
1950.8425
1902.3932
1831.9902
1862.2711
1786.569
1679.072
1670.7449
1582.1735
1476.9474
1414.1147
1383.8339
1280.8792
1208.2051
1227.8876
1162.0269
1107.5214
1135.5311
1136.2882
1081.0256
1106.0073
1110.5494
1065.8851
1063.6141
1128.7179
1101.4652
1081.0256
1132.503
1137.8022
1087.0818
1126.4469
1147.6434
1100.7081
1110.5494
1174.1392
1142.3444
1101.4652
1165.8119
1180.1953
1098.437
1151.4286
1193.0647
1131.7461
1140.8303
1184.7374
1141.5873
1126.4469
1188.5226
1181.7094
1127.9609
1156.7277
1201.392
1141.5873
1170.3541
1211.2332
1168.8401
1158.2417
1210.4762
1187.7656
1147.6434
1201.392
1197.6068
1136.2882
1168.8401
1226.3735
1171.1111
1147.6434
1219.5604
1187.0085
1146.8865
1207.4481
1215.0183
1163.5409
1183.9805
1217.2893
1171.868
1180.1953
1240.757
1190.0366
1168.8401
1217.2893
1229.4017
1177.9243
1192.3077
1243.0281
1174.8962
1168.0831
1242.2711
1196.8499
1176.4102
1249.8412
1240.757
1183.9805
1214.2614
1286.1782
1248.3273
1253.6263
1312.674
1271.7948
1240.757
1287.6923
1268.7667
1219.5604
1280.1221
1305.1038
1261.9536
1222.5885
1251.3553
1207.4481
1198.3639
1249.0842
1249.8412
1200.635
1252.8694
1274.0658
1205.9341
1185.4945
1237.729
1247.5702
1446.6666
1847.1306
2227.912
2306.6423
2022.7594
1464.8352
1027.2771
1000.0244
1149.1575
1183.9805
1196.8499
1261.9536
1252.8694
1220.3175
1265.7388
1296.0195
1253.6263
1278.608
1331.5995
1271.0378
1283.1501
1331.5995
1319.487
1296.0195
1347.4968
1365.6654
1331.5995
1368.6935
1443.6385
1386.105
1393.6752
1483.0037
1449.6947
1423.199
1501.9292
1537.509
1509.4993
1570.061
1658.6326
1629.8657
1641.2211
1726.0073
1746.447
1700.2687
1797.9243
1800.1953
1768.4005
1783.541
1807.7656
1757.0452
1707.0818
1704.8108
1613.2113
1513.2844
1459.536
1404.2736
1256.6544
1234.7008
1207.4481
1113.5775
1090.867
1113.5775
1061.343
1031.8193
1087.8387
1058.3151
996.2393
1028.7911
1059.8291
1008.3517
1005.32355
1062.1002
1005.32355
993.2112
1091.6239
1083.2966
1046.9597
1077.2406
1102.2222
1049.9878
1066.6423
1121.9048
1065.8851
1062.8572
1113.5775
1102.9791
1083.2966
1108.2784
1121.1477
1068.1563
1089.3529
1131.7461
1086.3248
1076.4835
1135.5311
1108.2784
1055.2869
1113.5775
1127.204
1065.8851
1103.7363
1143.8583
1093.138
1098.437
1140.8303
1122.6619
1081.0256
1123.4188
1143.8583
1091.6239
1136.2882
1159.7559
1110.5494
1090.1099
1165.0549
1149.9146
1096.166
1131.7461
1140.0732
1087.0818
1132.503
1174.1392
