1127.204
1205.1771
1224.8596
1251.3553
1259.6825
1246.8132
1231.6727
1252.8694
1217.2893
1190.0366
1228.6448
1246.8132
1367.9365
1641.978
2085.5923
2268.7913
2096.1904
1610.9402
1013.65076
669.2063
693.431
822.8816
894.04156
1046.2026
1169.597
1139.3162
1132.503
1192.3077
1173.3822
1156.7277
1246.8132
1278.608
1295.2625
1373.9927
1395.9463
1380.0487
1383.8339
1443.6385
1412.6007
1386.105
1405.0305
1402.0024
1371.7217
1401.2454
1412.6007
1390.6471
1389.133
1437.5824
1446.6666
1439.0964
1510.2565
1534.4811
1539.0232
1571.5752
1620.7814
1604.884
1632.1368
1692.6985
1682.1002
1657.1184
1680.586
1629.1086
1543.5653
1501.1721
1412.6007
1271.0378
1168.8401
1111.3064
987.1551
883.44324
850.13434
800.928
738.0952
741.1233
735.82416
698.73016
683.5898
725.9829
683.5898
666.1782
713.8706
719.1697
689.6459
719.9267
741.1233
691.91693
717.65564
765.34796
735.06714
724.4688
786.54456
784.2735
772.16113
790.3297
813.04034
760.0488
772.16113
790.3297
741.8803
732.03906
760.80585
756.26373
684.34674
732.7961
752.4786
722.19775
755.5067
830.4518
804.7131
816.0684
866.03174
884.20026
896.3126
914.4811
916.75214
875.87305
896.3126
916.75214
844.0782
838.022
869.0599
854.67645
819.85345
861.4896
860.7326
847.1062
860.7326
906.1539
853.1624
838.77905
867.5458
847.1062
811.5263
856.1905
847.1062
836.508
1047.7168
1374.7496
1727.5214
1951.5995
1855.4579
1280.1221
651.03784
474.652
504.93283
578.36383
713.8706
817.58246
830.4518
865.2747
902.3687
903.12573
883.44324
930.3785
949.304
915.9951
975.0428
1002.2955
972.01465
986.3981
1030.3053
1007.5946
998.5104
1050.7448
1050.7448
1040.9036
1099.9512
1120.3906
1084.0537
1125.6898
1180.9523
1174.1392
1211.2332
1277.094
1291.4774
1302.0757
1380.0487
1426.9841
1426.227
1478.4615
1519.3406
1519.3406
1495.8729
1535.238
1529.939
1464.0781
1486.0316
1438.3394
1349.768
1287.6923
1250.5983
1152.9426
1098.437
1086.3248
999.2674
933.4066
908.4249
900.09766
859.2186
867.5458
891.7705
847.1062
829.69476
860.7326
840.293
819.85345
849.3773
866.03174
811.5263
843.32117
877.387
844.0782
835.7509
887.22833
887.22833
851.6484
901.61176
902.3687
871.33093
902.3687
940.9768
910.696
922.8083
986.3981
940.9768
911.453
953.8461
966.7155
954.6032
969.7436
989.42615
956.1172
966.7155
1016.67896
1002.2955
998.5104
1071.1844
1062.8572
1013.65076
1052.2588
1065.1282
996.2393
990.9401
1028.7911
983.36993
919.7803
950.81805
947.03296
913.72406
953.0891
980.3419
956.1172
944.0049
998.5104
941.7338
922.8083
950.0611
920.53723
907.66785
1089.3529
1406.5446
1829.7192
2155.238
2131.0134
1649.5483
1022.735
797.1429
811.5263
843.32117
935.6777
983.36993
986.3981
1028.7911
1065.8851
1065.1282
1037.8754
1098.437
1097.68
1086.3248
1109.0354
1137.8022
1087.0818
1117.3627
1180.1953
1152.9426
1141.5873
1198.3639
1228.6448
1194.5787
1277.094
1271.7948
1265.7388
1305.1038
1390.6471
1350.525
1365.6654
1437.5824
1426.9841
1443.6385
1508.7423
1517.0696
1511.0134
1582.9304
1613.2113
1568.547
1576.1173
1624.5665
1622.2955
1557.9487
1579.1453
1535.238
1435.3113
1396.7032
1340.6837
1223.3455
1146.1294
1155.9707
1055.2869
981.0989
984.127
956.87427
904.63983
908.4249
925.83636
881.1722
886.4713
901.61176
874.359
844.0782
887.22833
895.55554
841.8071
885.7143
916.75214
895.55554
890.2564
932.64954
922.05133
918.2662
959.1453
978.8278
914.4811
962.1734
986.3981
947.79
964.44446
1004.5665
980.3419
948.547
995.4823
999.2674
964.44446
1006.0806
1025.7632
981.85596
1000.0244
1037.8754
1025.0061
1055.2869
1137.8022
1137.8022
1110.5494
1132.503
1145.3724
1084.0537
1071.9414
1136.2882
1065.8851
1065.8851
1091.6239
1059.072
1039.3895
1080.2687
1099.1942
1087.8387
1077.9976
1099.9512
1061.343
1046.9597
1089.3529
1056.8009
1007.5946
1127.204
1352.0391
1719.1942
2217.3137
2446.691
2066.6665
1467.8632
1020.4639
904.63983
946.27594
1046.9597
1107.5214
1086.3248
1124.1758
1183.2235
1163.5409
1165.0549
1204.4199
1199.8778
1168.8401
1220.3175
1240.757
1195.3357
1241.5139
1286.9352
1256.6544
1280.1221
1346.7399
1332.3564
1333.1135
1392.1611
1396.7032
1367.9365
1428.4982
1456.5079
1435.3113
1461.807
1528.4248
1533.724
1536.7521
1629.8657
1643.4921
1664.6887
1703.2968
1743.4188
1743.4188
1755.5313
1780.5128
1732.0635
1685.1282
1714.6521
1673.773
1570.061
1527.6678
1483.0037
1350.525
1295.2625
1264.9816
1165.8119
1095.409
1077.9976
1033.3333
956.87427
992.4542
975.79974
899.3407
913.72406
950.81805
940.9768
908.4249
979.5849
980.3419
953.0891
1008.3517
1016.67896
978.0708
992.4542
1047.7168
1011.3797
1012.8938
1062.8572
1060.586
1029.5483
1077.9976
1087.8387
1077.2406
1102.2222
1155.9707
1112.8206
1114.3346
1183.2235
1156.7277
1141.5873
1167.3259
1186.2515
1135.5311
1177.1672
1197.6068
1146.1294
1143.8583
1211.2332
1211.2332
1207.4481
1255.1404
1305.8607
1250.5983
1280.8792
1331.5995
1283.1501
1305.8607
1316.4591
1271.7948
1257.4115
1277.094
1244.5421
1199.1208
1240.757
1256.6544
1231.6727
1231.6727
1283.1501
1252.8694
1233.1869
1268.7667
1259.6825
1214.2614
1252.8694
1387.619
1592.7717
2049.2551
2591.282
2670.0122
2200.6592
1568.547
1180.9523
1134.774
1264.9816
1349.768
1328.5714
1365.6654
1453.4797
1446.6666
1446.6666
1459.536
1476.9474
1434.5543
1472.4053
1471.6483
1448.9376
1473.1624
1527.6678
1515.5555
1531.4529
1573.0891
1599.585
1576.8743
1640.4641
1643.4921
1648.0342
1662.4176
1741.9048
1713.138
1713.138
1800.9524
1798.6814
1789.597
1868.3273
1949.3284
1943.2722
2025.0306
2108.3027
2068.181
2082.5642
2152.967
2146.911
2118.9011
2155.238
2149.182
2022.0024
1999.2917
1922.8328
1813.0647
1683.6143
1629.1086
1534.4811
1440.6104
1446.6666
1386.862
1319.487
1330.0854
1323.2722
1273.3088
1252.1123
1288.4493
1258.9255
1246.8132
1290.7203
1298.2906
1271.0378
1310.4028
1338.4126
1299.0476
1314.188
1357.3381
1339.1698
1313.431
1335.3846
1349.768
1330.0854
1339.9268
1374.7496
1345.9829
1360.3662
1394.4321
1382.32
1383.8339
1435.3113
1445.9097
1434.5543
1476.9474
1507.2283
1446.6666
1440.6104
1477.7045
1423.199
1398.9742
1459.536
1453.4797
1452.7228
1475.4335
1461.05
1417.8999
1417.8999
1440.6104
1389.133
1366.4224
1380.0487
1340.6837
1316.4591
1319.487
1323.2722
1268.7667
1289.2063
1331.5995
1295.2625
1289.9634
1341.4408
1333.8705
1298.2906
1326.3004
1380.8059
1555.6776
1940.2441
2506.4956
2785.8362
2482.271
1853.1869
1268.0098
1089.3529
1177.9243
1257.4115
1262.7106
1319.487
1413.3578
1387.619
1402.7594
1467.8632
1463.321
1428.4982
1468.6202
1477.7045
1464.8352
1478.4615
1529.939
1486.0316
1508.7423
1535.238
1532.21
1521.6117
1574.6031
1591.2577
1593.5288
1619.2675
1666.9597
1648.7911
1678.3151
1741.9048
1731.3065
1716.1661
1792.6252
1822.906
1822.906
1905.4213
1942.5153
1952.3566
1944.0293
2022.0024
1969.7681
1979.6093
1985.6654
1946.3004
1849.4017
1852.4298
1753.2601
1654.0905
1573.8462
1506.4713
1411.0867
1335.3846
1326.3004
1265.7388
1211.9902
1207.4481
1206.691
1146.1294
1129.475
1137.8022
1101.4652
1096.9231
1111.3064
1096.166
1071.1844
1108.2784
1129.475
1114.3346
1136.2882
1156.7277
1143.1013
1131.7461
1174.1392
1171.1111
1144.6154
1177.1672
1177.9243
1155.9707
1158.2417
1199.1208
1180.1953
1180.1953
1229.4017
1230.1587
1197.6068
1248.3273
1229.4017
1191.5507
1210.4762
1222.5885
1192.3077
1180.1953
1198.3639
1180.9523
1162.0269
1218.0464
1228.6448
1198.3639
1209.7192
1246.0562
1209.7192
1217.2893
1266.4957
1236.2148
1199.1208
1254.3833
1277.851
1283.1501
1331.5995
1334.6276
1277.851
1292.2344
1320.2441
1301.3186
1252.8694
1284.6642
1274.0658
1213.5043
1222.5885
1218.8035
1182.4664
1192.3077
1240.757
1225.6166
1190.0366
1228.6448
1234.7008
1180.9523
1211.2332
1219.5604
1186.2515
1343.7119
1689.6703
2150.696
2420.9524
2301.343
1737.3627
1046.9597
819.85345
872.0879
950.0611
1040.9036
1140.8303
1174.1392
1183.9805
1234.7008
1243.0281
1225.6166
1250.5983
1271.7948
1249.0842
1256.6544
1307.3749
1283.9072
1289.2063
1338.4126
1352.796
1325.5433
1353.5531
1387.619
1354.3102
1386.862
1443.6385
1431.5261
1424.713
1498.144
1489.8168
1501.9292
1556.4347
1601.0989
1601.0989
1658.6326
1725.2504
1722.2222
1722.9792
1788.8401
1796.4103
1794.8962
1810.0366
1843.3456
1762.3444
1758.5592
1761.5874
1662.4176
1601.0989
1564.0049
1474.6764
1382.32
1363.3944
1313.431
1217.2893
1186.2515
1155.9707
1084.0537
1059.072
1061.343
1014.4079
978.8278
1035.6044
1043.9316
990.18317
1022.735
1072.6984
1062.8572
1084.0537
1146.1294
1145.3724
1107.5214
1154.4567
1165.0549
1128.7179
1156.7277
1187.7656
1137.8022
1164.298
1193.0647
1176.4102
1180.1953
1216.5323
1216.5323
1180.1953
1204.4199
1194.5787
1143.8583
1136.2882
1162.0269
1112.8206
1101.4652
1132.503
1122.6619
1081.0256
1143.8583
1149.9146
1137.8022
1132.503
1192.3077
1174.1392
1165.0549
1214.2614
1213.5043
1193.0647
1257.4115
1264.9816
1231.6727
1234.7008
1278.608
1257.4115
1283.1501
1321.7583
1296.0195
1255.1404
1283.9072
1283.1501
1228.6448
1237.729
1258.9255
1240.757
1202.906
1234.7008
1198.3639
1183.9805
1222.5885
1241.5139
1222.5885
1235.4579
1272.5519
1222.5885
1216.5323
1247.5702
1205.1771
1204.4199
1386.862
1692.6985
2149.9387
2527.6924
2397.4849
1769.1575
1119.6337
927.35046
962.1734
1047.7168
1180.1953
1229.4017
1240.757
1308.8889
1338.4126
1313.431
1307.3749
1377.0208
1355.8241
1349.768
1386.105
1396.7032
1355.8241
1397.4603
1431.5261
1402.7594
1443.6385
1473.1624
1470.8912
1451.2087
1519.3406
1537.509
1507.2283
1545.8363
1588.2295
1587.4725
1628.3517
1657.8755
1667.7168
1691.9414
1770.6716
1810.0366
1778.2417
1872.1124
1913.7485
1897.8511
1883.4677
1925.1038
1886.4957
1885.7388
1875.1404
1813.0647
1729.0355
1707.0818
1632.1368
1509.4993
1435.3113
1405.0305
1317.2161
1251.3553
1240.757
1202.1489
1134.774
1126.4469
1128.7179
1065.8851
1086.3248
1101.4652
1059.8291
1046.9597
1109.0354
1086.3248
1050.7448
1084.0537
1099.9512
1071.1844
1114.3346
1131.7461
1100.7081
1096.166
1153.6996
1147.6434
1127.204
1150.6715
1174.1392
1122.6619
1149.9146
1174.1392
1131.7461
1101.4652
1143.1013
1137.8022
1093.895
1134.774
1134.774
1093.138
1121.1477
1140.8303
1107.5214
1100.7081
1141.5873
1123.4188
1102.9791
1140.0732
1144.6154
1115.0916
1123.4188
1143.8583
1120.3906
1134.774
1184.7374
1139.3162
1102.2222
1141.5873
1144.6154
1104.4933
1129.475
1187.0085
1139.3162
1137.8022
1186.2515
1146.8865
1149.9146
1241.5139
1256.6544
1225.6166
1237.729
1257.4115
1205.1771
1196.0928
1211.9902
1155.9707
1136.2882
1150.6715
1131.7461
1062.1002
1095.409
1107.5214
1074.9694
1065.8851
1125.6898
1084.8108
1061.343
1098.437
1083.2966
1041.6605
1092.381
1271.0378
1555.6776
1998.5348
2377.0452
2236.9963
1643.4921
1029.5483
744.9084
788.05865
937.9487
1035.6044
1041.6605
1102.2222
1171.1111
1131.7461
1124.9329
1174.1392
1171.1111
1162.0269
1193.8217
1210.4762
1182.4664
1211.2332
1249.0842
1220.3175
1224.8596
1268.7667
1258.9255
1238.486
1292.9915
1303.5897
1286.9352
1311.1599
1354.3102
1346.7399
1355.8241
1428.4982
1437.5824
1443.6385
1522.3687
1573.8462
1567.79
1601.0989
1660.1466
1629.1086
1660.1466
1710.11
1690.4274
1634.4078
1676.801
1632.1368
1568.547
1538.2662
1489.8168
1398.2173
1311.1599
1271.0378
1159.7559
1065.8851
1059.072
1001.5385
937.9487
907.66785
915.9951
853.1624
859.2186
881.9292
853.1624
823.6386
859.9756
857.7045
829.69476
858.46155
886.4713
865.2747
853.1624
897.8266
872.8449
853.91943
909.18195
906.1539
869.0599
896.3126
923.5653
885.7143
890.2564
920.53723
891.7705
869.0599
917.50916
901.61176
883.44324
894.04156
906.1539
867.5458
885.7143
923.5653
884.20026
882.6862
928.8645
914.4811
880.41516
912.96704
937.9487
885.7143
906.1539
943.24786
940.9768
914.4811
969.7436
956.1172
926.59344
984.127
1003.8096
974.2857
979.5849
1007.5946
977.31384
1008.3517
1094.6521
1086.3248
1049.9878
1084.0537
1090.1099
1047.7168
1062.1002
1071.9414
1016.67896
1017.4359
1041.6605
989.42615
963.68744
1013.65076
1037.8754
980.3419
1036.3615
1049.2308
1001.5385
1024.249
1043.1747
1005.32355
980.3419
1080.2687
1250.5983
1549.6215
2012.9182
2227.912
1967.497
1351.282
821.36755
657.094
729.768
901.61176
1034.8474
1048.4738
1122.6619
1180.1953
1137.8022
1149.9146
1184.7374
1162.0269
1183.2235
1211.2332
1219.5604
1183.2235
1240.757
1253.6263
1234.7008
1234.7008
1279.3651
1265.7388
1271.0378
1319.487
1322.5153
1327.0574
1350.525
1386.105
1392.1611
1429.2551
1501.1721
1486.7887
1532.21
1582.1735
1628.3517
1623.8096
1673.016
1716.9231
1709.3529
1738.1198
1772.9426
1749.475
1737.3627
1736.6056
1683.6143
1606.3981
1601.0989
1514.0414
1408.0585
1358.8523
1314.945
1218.0464
1141.5873
1151.4286
1074.9694
1025.7632
1041.6605
1021.22107
974.2857
992.4542
995.4823
968.22955
953.8461
1005.32355
996.99634
974.2857
1046.9597
1035.6044
1001.5385
1035.6044
1080.2687
1043.9316
1053.0159
1090.1099
1093.138
1077.9976
1113.5775
1116.6056
1071.9414
1099.1942
1138.5592
1095.409
1089.3529
1136.2882
1095.409
1075.7266
1133.26
1106.0073
1061.343
1077.9976
1110.5494
1065.1282
1080.2687
1122.6619
1107.5214
1087.0818
1137.8022
1132.503
1116.6056
1149.1575
1172.6252
1156.7277
1187.7656
1226.3735
1211.2332
1183.2235
1238.486
1241.5139
1255.8975
1332.3564
1356.5812
1304.3467
1304.3467
1333.8705
1295.2625
1274.0658
1310.4028
1298.2906
1245.2991
1250.5983
1255.8975
1211.2332
1243.7852
1271.7948
1269.5237
1229.4017
1275.58
1264.9816
1216.5323
1264.9816
1264.9816
1240.757
1325.5433
1579.9025
1888.0098
2305.8853
2482.271
2052.2832
1370.9645
950.81805
913.72406
985.641
1146.8865
1289.2063
1299.0476
1339.9268
1405.0305
1388.376
1373.9927
1426.9841
1432.2833
1395.9463
1449.6947
1481.4895
1444.3955
1451.9658
1507.9854
1498.901
1480.7325
1567.79
1588.9867
1535.238
1583.6874
1657.1184
1617.7534
1640.4641
1679.8291
1677.5581
1682.1002
1756.2882
1788.8401
1788.0831
1879.6825
1922.8328
1955.3846
1979.6093
2050.7693
2044.713
2003.834
2070.4517
2068.9377
1980.3663
1994.7496
1972.7961
1881.9536
1852.4298
1786.569
1673.016
1604.884
1556.4347
1468.6202
1383.0769
1380.8059
1349.768
1271.7948
1246.0562
1247.5702
1214.2614
1205.9341
1211.2332
1196.0928
1155.9707
1193.0647
1205.1771
1180.1953
1186.2515
1228.6448
1192.3077
1181.7094
1234.7008
1210.4762
1183.2235
1224.1025
1246.8132
1202.1489
1228.6448
1247.5702
1240.757
1228.6448
1268.0098
1248.3273
1208.2051
1243.7852
1244.5421
1216.5323
1228.6448
1253.6263
1213.5043
1208.962
1247.5702
1221.0745
1198.3639
1240.757
1238.486
1199.8778
1213.5043
1238.486
1210.4762
1200.635
1235.4579
1240.757
1197.6068
1254.3833
1257.4115
1195.3357
1220.3175
1270.2809
1202.1489
1210.4762
1261.9536
1227.8876
1196.0928
1236.9718
1246.8132
1225.6166
1295.2625
1330.8425
1296.0195
1296.7765
1331.5995
1289.9634
1265.7388
1283.1501
1264.9816
1242.2711
1248.3273
1246.8132
1180.1953
1163.5409
1209.7192
1186.2515
1156.7277
1207.4481
1207.4481
1150.6715
1193.0647
1207.4481
1132.503
1141.5873
1301.3186
1540.5372
1933.431
2424.7375
2370.232
1844.1027
1211.2332
887.22833
868.3028
1013.65076
1140.0732
1135.5311
1192.3077
1241.5139
1246.8132
1228.6448
1268.7667
1277.851
1249.8412
1268.0098
1319.487
1281.6361
1285.4213
1346.7399
1337.6556
1308.1318
1355.8241
1404.2736
1375.5066
1383.8339
1429.2551
1400.4884
1404.2736
1470.8912
1465.5922
1462.5641
1534.4811
1550.3785
1544.3223
1604.884
1691.9414
1662.4176
1708.5958
1766.8865
1785.812
1774.4567
1825.9341
1825.9341
1789.597
1838.8035
1828.9622
1769.9146
1719.1942
1695.7266
1620.7814
1498.144
1476.9474
1384.591
1290.7203
1238.486
1216.5323
1114.3346
1099.9512
1097.68
1041.6605
990.18317
1017.4359
1016.67896
983.36993
1018.95
1040.9036
984.127
999.2674
1049.9878
1016.67896
1004.5665
1029.5483
1045.4457
1008.3517
1041.6605
1107.5214
1054.5299
1065.1282
1109.7925
1084.0537
1071.9414
1117.3627
1107.5214
1071.9414
1108.2784
1125.6898
1065.8851
1090.1099
1123.4188
1087.8387
1083.2966
1120.3906
1119.6337
1093.138
1120.3906
1143.8583
1107.5214
1148.4004
1186.2515
1148.4004
1120.3906
1193.8217
1184.7374
1132.503
1184.7374
1196.8499
1170.3541
1202.1489
1222.5885
1192.3077
1165.8119
1205.1771
1222.5885
1218.0464
1289.9634
1314.188
1281.6361
1301.3186
1302.0757
1265.7388
1244.5421
1268.0098
1243.0281
1196.0928
1217.2893
1205.1771
1175.6532
1192.3077
1223.3455
1187.7656
1184.7374
1224.1025
1196.8499
1182.4664
1208.2051
1205.1771
1186.2515
1321.7583
1624.5665
2028.8158
2413.382
2397.4849
1828.2051
1153.6996
919.7803
968.22955
1047.7168
1180.9523
1246.8132
1244.5421
1302.8328
1338.4126
1314.188
1301.3186
1342.1978
1355.8241
1331.5995
1369.4506
1422.442
1373.9927
1398.2173
1436.8254
1431.5261
1436.0682
1483.7606
1496.63
1450.4518
1510.2565
1541.2942
1521.6117
1567.79
1620.7814
1628.3517
1610.9402
1707.0818
1707.8389
1734.3346
1797.9243
1825.1771
1804.7374
1841.0745
1889.5238
1877.4115
1869.8413
1961.4408
1938.7301
1877.4115
1909.9634
1884.2246
1766.1295
1725.2504
1699.5116
1588.9867
1489.0598
1449.6947
1380.0487
1289.9634
1277.851
1261.9536
1174.8962
1196.8499
1192.3077
1132.503
1125.6898
1174.8962
1160.5128
1116.6056
1158.2417
1170.3541
1120.3906
1146.8865
1210.4762
1165.8119
1149.9146
1228.6448
1188.5226
1180.1953
1222.5885
1224.8596
1199.1208
1231.6727
1240
1202.906
1216.5323
1268.0098
1236.2148
1198.3639
1240.757
1246.8132
1211.2332
1234.7008
1264.9816
1217.2893
1240.757
1265.7388
1231.6727
1210.4762
1253.6263
1277.094
1217.2893
1241.5139
1271.7948
1238.486
1235.4579
1292.9915
1283.1501
1264.2246
1316.4591
1305.8607
1259.6825
1332.3564
1367.1796
1363.3944
1387.619
1404.2736
1368.6935
1363.3944
1398.2173
1362.6373
1307.3749
1337.6556
1337.6556
1265.7388
1277.094
1300.5616
1271.7948
1259.6825
1305.1038
1296.0195
1277.851
1293.7485
1313.431
1247.5702
1264.9816
1313.431
1386.862
1638.95
2083.321
2486.813
2374.017
1886.4957
1256.6544
902.3687
950.0611
1099.1942
1190.0366
1264.9816
1371.7217
1395.1892
1364.1514
1417.8999
1413.3578
1405.7875
1423.956
1456.5079
1443.6385
1434.5543
1473.1624
1470.8912
1470.8912
1499.6581
1531.4529
1492.0879
1506.4713
1555.6776
1545.0793
1545.0793
1616.2393
1604.1271
1581.4164
1630.6228
1673.773
1658.6326
1682.1002
1750.9891
1732.0635
1800.9524
1838.8035
1859.243
1862.2711
1916.7765
1928.8889
1919.0476
1931.1599
1941.7583
1879.6825
1831.2333
1785.0549
1691.9414
1595.7998
1564.762
1486.7887
1387.619
1352.796
1314.188
1228.6448
1199.8778
1199.1208
1143.8583
1096.166
1138.5592
1117.3627
1077.9976
1125.6898
1148.4004
1090.1099
1107.5214
1155.9707
1141.5873
1125.6898
1165.8119
1144.6154
1121.9048
1159.7559
1184.7374
1180.1953
1187.0085
1222.5885
1177.9243
1193.8217
1217.2893
1219.5604
1170.3541
1214.2614
1231.6727
1180.1953
1174.1392
1200.635
1146.8865
1137.0452
1180.1953
1155.9707
1141.5873
1168.8401
1183.2235
1132.503
1165.0549
1206.691
1158.9988
1141.5873
1204.4199
1207.4481
1208.962
1273.3088
1298.2906
1249.8412
1257.4115
1290.7203
1243.7852
1222.5885
1249.0842
1223.3455
1176.4102
1174.1392
1168.0831
1126.4469
1155.9707
1193.8217
1152.9426
1145.3724
1193.0647
1150.6715
1140.8303
1174.1392
1160.5128
1125.6898
1252.8694
1519.3406
1837.2894
2197.6313
2235.4822
1762.3444
1111.3064
795.62885
762.3199
837.26495
1013.65076
1150.6715
1205.1771
1246.8132
1277.851
1277.094
1226.3735
1280.8792
1299.8046
1265.7388
1328.5714
1361.8802
1320.2441
1341.4408
1392.9181
1387.619
1374.7496
1421.6849
1437.5824
1395.9463
1440.6104
1477.7045
1438.3394
1470.1343
1523.1257
1511.0134
1526.1538
1601.856
1620.0244
1622.2955
1708.5958
1743.4188
1709.3529
1764.6154
1825.1771
1807.0087
1777.4847
1835.7754
1840.3175
1805.4945
1797.9243
1756.2882
1682.8572
1640.4641
1595.0428
1473.9194
1383.8339
1367.9365
1280.1221
1210.4762
1216.5323
1192.3077
1095.409
1091.6239
1107.5214
1051.5018
1037.8754
1081.0256
1057.558
1032.5763
1065.8851
1083.2966
1029.5483
1083.2966
1102.9791
1062.8572
1080.2687
1137.8022
1122.6619
1107.5214
1155.9707
1155.9707
1143.8583
1160.5128
1168.8401
1131.7461
1140.0732
1183.2235
1147.6434
1134.774
1174.1392
1168.0831
1151.4286
1165.8119
1172.6252
1129.475
1136.2882
1198.3639
1175.6532
1146.8865
1203.663
1201.392
1176.4102
1210.4762
1177.9243
1138.5592
1109.0354
1149.9146
1171.1111
1120.3906
1158.2417
1189.2795
1147.6434
1144.6154
1189.2795
1146.8865
1117.3627
1240.757
1476.9474
1860
2319.5117
2467.1306
2033.3579
1426.9841
1004.5665
920.53723
1004.5665
1138.5592
1188.5226
1201.392
1262.7106
1303.5897
1268.0098
1285.4213
1331.5995
1295.2625
1301.3186
1337.6556
1343.7119
1302.0757
1351.282
1380.0487
1350.525
1361.1233
1417.8999
1404.2736
1387.619
1430.7692
1452.7228
1440.6104
1493.6019
1517.0696
1520.8547
1550.3785
1610.1832
1635.9219
1636.679
1731.3065
1725.2504
1754.0171
1811.5508
1837.2894
1792.6252
1819.8778
1858.486
1822.149
1823.663
1855.4579
1785.0549
1713.8951
1689.6703
1637.4359
1525.3969
1476.9474
1448.1807
1328.5714
1264.9816
1257.4115
1196.0928
1125.6898
1126.4469
1125.6898
1061.343
1081.0256
1095.409
1062.1002
1083.2966
1090.1099
1071.9414
1046.9597
1095.409
1096.9231
1062.1002
1092.381
1137.8022
1095.409
1122.6619
1159.7559
1150.6715
1156.7277
1207.4481
1211.2332
1192.3077
1223.3455
1264.9816
1225.6166
1226.3735
1272.5519
1234.7008
1207.4481
1240.757
1236.9718
1202.1489
1240.757
1249.8412
1185.4945
1183.2235
1226.3735
1199.1208
1177.9243
1220.3175
1207.4481
1179.4384
1235.4579
1252.8694
1220.3175
1222.5885
1263.4677
1243.7852
1230.9158
1301.3186
1308.1318
1296.0195
1326.3004
1333.8705
1294.5055
1296.0195
1342.1978
1264.9816
1255.8975
1277.094
1238.486
1182.4664
1209.7192
1215.7754
1183.9805
1219.5604
1231.6727
1186.2515
1188.5226
1240.757
1199.1208
1192.3077
1208.962
1271.0378
1439.0964
1774.4567
2238.5103
2352.8203
2056.8254
1447.4237
907.66785
757.0207
888.7424
1021.22107
1098.437
1183.2235
1244.5421
1242.2711
1228.6448
1277.094
1264.9816
1242.2711
1291.4774
1312.674
1279.3651
1331.5995
1380.0487
1338.4126
1375.5066
1398.2173
1392.1611
1374.7496
1452.7228
1472.4053
1430.0122
1473.9194
1495.8729
1490.5739
1525.3969
1577.6313
1595.0428
1601.0989
1676.801
1688.1564
1686.6423
1769.1575
1800.1953
1819.1208
1819.8778
1876.6545
1870.5983
1861.514
1885.7388
1839.5605
1774.4567
1776.7278
1720.7083
1604.884
1545.8363
1497.3871
1402.0024
1332.3564
1352.796
1292.2344
1218.0464
1234.7008
1217.2893
1165.8119
1170.3541
1184.7374
1149.9146
1140.0732
1183.9805
1149.9146
1123.4188
1152.9426
1168.8401
1139.3162
1162.0269
1186.2515
1168.8401
1174.1392
1225.6166
1215.0183
1172.6252
1228.6448
1231.6727
1192.3077
1199.1208
1232.4297
1207.4481
1189.2795
1237.729
1206.691
1171.1111
1201.392
1219.5604
1164.298
1177.1672
1199.1208
1152.1855
1146.1294
1180.9523
1164.298
1126.4469
1183.2235
1187.0085
1165.0549
1190.0366
1199.1208
1168.8401
1177.9243
1216.5323
1183.2235
1172.6252
1216.5323
1205.1771
1182.4664
1215.0183
1248.3273
1216.5323
1214.2614
1271.0378
1259.6825
1283.9072
1336.8987
1308.1318
1259.6825
1304.3467
1302.0757
1252.8694
1249.0842
1289.2063
1271.0378
1207.4481
1226.3735
1228.6448
1162.7838
1205.1771
1228.6448
1171.1111
1192.3077
1213.5043
1168.8401
1143.1013
1165.0549
1165.0549
1204.4199
1461.807
1783.541
2143.1257
2200.6592
1909.9634
1265.7388
808.4982
800.17096
891.0134
1000.0244
1136.2882
1238.486
1239.2429
1280.1221
1299.0476
1277.851
1258.9255
1330.0854
1295.2625
1262.7106
1311.1599
1329.3284
1307.3749
1334.6276
1364.1514
1345.2258
1356.5812
1396.7032
1386.105
1361.1233
1411.0867
1442.1245
1420.9279
1458.0219
1509.4993
1495.8729
1517.0696
1582.1735
1616.2393
1597.3138
1682.8572
1734.3346
1704.0537
1750.2319
1788.0831
1760.8303
1759.3162
1798.6814
1768.4005
1716.1661
1715.409
1688.9133
1579.9025
1523.8827
1483.7606
1392.1611
1331.5995
1303.5897
1234.7008
1168.8401
1168.0831
1138.5592
1086.3248
1071.9414
1099.1942
1047.7168
1077.2406
1111.3064
1101.4652
1071.1844
1112.0635
1106.7643
1066.6423
1105.2502
1132.503
1103.7363
1125.6898
1171.868
1150.6715
1149.9146
1207.4481
1201.392
1153.6996
1207.4481
1217.2893
1180.1953
1183.9805
1219.5604
1183.9805
1180.1953
1222.5885
1204.4199
1183.2235
1208.2051
1219.
